"Date","Price","Open","High","Low","Vol.","Change %"
"Jun 11, 2012","13.15","13.00","13.50","12.90","23.50K","1.15%"
"Jun 12, 2012","13.10","13.15","13.30","13.00","48.00K","-0.38%"
"Jun 13, 2012","12.90","13.10","13.10","12.75","23.20K","-1.53%"
"Jun 14, 2012","12.75","12.90","13.10","12.70","39.90K","-1.16%"
"Jun 15, 2012","12.35","12.75","12.75","12.30","26.90K","-3.14%"
"Jun 18, 2012","12.35","12.35","12.40","12.35","1.80K","0.00%"
"Jun 19, 2012","12.35","12.35","12.70","12.35","13.40K","0.00%"
"Jun 20, 2012","12.35","12.35","12.35","12.30","19.70K","0.00%"
"Jun 21, 2012","12.00","12.35","12.30","11.55","0.60K","-2.83%"
"Jun 22, 2012","11.40","12.00","11.55","11.00","13.40K","-5.00%"
"Jun 25, 2012","11.50","11.40","11.55","11.50","17.60K","0.88%"
"Jun 26, 2012","11.52","11.50","11.60","11.50","0.80K","0.17%"
"Jun 27, 2012","11.75","11.50","12.00","11.75","12.50K","2.00%"
"Jun 28, 2012","12.00","11.75","12.10","11.75","31.10K","2.13%"
"Jun 29, 2012","11.95","12.00","12.00","11.75","9.80K","-0.42%"
"Jul 02, 2012","12.20","11.95","12.50","11.95","1.90K","2.09%"
"Jul 03, 2012","12.25","12.20","12.50","12.00","17.40K","0.41%"
"Jul 04, 2012","12.45","12.25","12.50","12.10","23.50K","1.63%"
"Jul 05, 2012","12.25","12.40","12.50","12.25","34.80K","-1.61%"
"Jul 06, 2012","12.41","12.25","12.50","12.25","28.10K","1.31%"
"Jul 09, 2012","12.05","12.40","12.45","11.65","12.50K","-2.90%"
"Jul 10, 2012","12.05","12.05","12.45","11.85","19.60K","0.00%"
"Jul 11, 2012","12.05","12.05","12.05","12.05","30.00K","0.00%"
"Jul 12, 2012","12.05","12.05","12.10","12.05","20.10K","0.00%"
"Jul 13, 2012","12.40","12.05","12.60","12.30","13.80K","2.90%"
"Jul 16, 2012","12.45","12.40","12.60","12.30","56.60K","0.40%"
"Jul 17, 2012","12.40","12.45","12.50","12.30","59.40K","-0.40%"
"Jul 18, 2012","12.35","12.40","12.40","12.30","11.20K","-0.40%"
"Jul 19, 2012","12.35","12.35","12.40","12.30","23.10K","0.00%"
"Jul 20, 2012","12.10","12.35","12.40","12.10","254.00K","-2.02%"
"Jul 23, 2012","12.30","12.10","12.30","12.30","9.00K","1.65%"
"Jul 24, 2012","12.30","12.30","12.35","12.30","15.40K","0.00%"
"Jul 25, 2012","12.55","12.30","12.60","12.50","20.60K","2.03%"
"Jul 26, 2012","12.95","12.55","13.00","12.50","16.80K","3.19%"
"Jul 27, 2012","12.50","12.95","12.50","12.50","8.30K","-3.47%"
"Jul 30, 2012","12.55","12.50","13.00","12.50","15.30K","0.40%"
"Jul 31, 2012","12.15","12.55","12.60","11.70","12.70K","-3.19%"
"Aug 01, 2012","12.05","12.15","12.35","12.00","1.00K","-0.82%"
"Aug 02, 2012","12.30","12.05","12.50","11.65","42.70K","2.07%"
"Aug 03, 2012","12.00","12.30","12.50","12.00","15.80K","-2.44%"
"Aug 06, 2012","11.95","12.00","12.00","11.90","3.20K","-0.42%"
"Aug 07, 2012","11.00","11.95","11.90","10.80","15.50K","-7.95%"
"Aug 08, 2012","11.05","11.00","11.20","10.85","2.00K","0.45%"
"Aug 09, 2012","11.10","11.05","11.50","11.10","10.90K","0.45%"
"Aug 10, 2012","11.20","11.10","11.50","11.10","1.70K","0.90%"
"Aug 13, 2012","11.25","11.20","11.90","11.15","10.50K","0.45%"
"Aug 14, 2012","11.10","11.25","11.50","11.10","13.30K","-1.33%"
"Aug 15, 2012","11.25","11.10","11.25","11.25","12.50K","1.35%"
"Aug 16, 2012","11.20","11.25","11.50","11.15","9.30K","-0.44%"
"Aug 17, 2012","11.20","11.20","11.50","11.15","6.60K","0.00%"
"Aug 21, 2012","11.35","11.20","11.50","11.15","4.00K","1.34%"
"Aug 22, 2012","11.25","11.35","11.50","11.15","4.00K","-0.88%"
"Aug 23, 2012","11.30","11.25","11.30","11.30","8.30K","0.44%"
"Aug 24, 2012","11.20","11.30","11.30","11.20","8.20K","-0.88%"
"Aug 27, 2012","11.15","11.20","11.20","11.15","10.50K","-0.45%"
"Aug 28, 2012","11.20","11.15","11.25","11.15","30.20K","0.45%"
"Aug 29, 2012","11.40","11.20","11.85","11.20","3.30K","1.79%"
"Aug 30, 2012","11.40","11.40","11.60","11.40","8.80K","0.00%"
"Aug 31, 2012","11.55","11.40","11.55","11.50","17.30K","1.32%"
"Sep 03, 2012","11.55","11.55","11.70","11.55","1.10K","0.00%"
"Sep 04, 2012","11.40","11.55","11.55","11.40","13.80K","-1.30%"
"Sep 05, 2012","11.35","11.40","11.45","11.25","12.40K","-0.44%"
"Sep 06, 2012","11.05","11.35","11.40","11.00","65.20K","-2.64%"
"Sep 07, 2012","11.10","11.05","11.50","11.00","66.10K","0.45%"
"Sep 10, 2012","11.25","11.10","11.80","11.20","8.50K","1.35%"
"Sep 11, 2012","11.20","11.25","11.80","11.20","15.80K","-0.44%"
"Sep 12, 2012","11.55","11.20","11.60","11.20","83.40K","3.13%"
"Sep 13, 2012","11.25","11.55","11.40","11.20","2.20K","-2.60%"
"Sep 14, 2012","11.25","11.25","11.40","11.20","2.20K","0.00%"
"Sep 17, 2012","11.25","11.25","11.30","11.25","13.40K","0.00%"
"Sep 18, 2012","11.25","11.25","11.40","11.25","4.60K","0.00%"
"Sep 19, 2012","11.35","11.25","11.50","11.20","24.60K","0.89%"
"Sep 20, 2012","11.65","11.35","11.80","11.25","12.80K","2.64%"
"Sep 24, 2012","11.60","12.00","11.80","11.45","1.20K","-0.43%"
"Sep 25, 2012","11.80","11.60","11.80","11.80","1.00K","1.72%"
"Sep 26, 2012","11.75","11.80","11.80","11.65","9.50K","-0.42%"
"Sep 27, 2012","11.50","11.75","11.80","11.25","14.10K","-2.13%"
"Sep 28, 2012","10.95","11.50","11.50","10.75","4.40K","-4.78%"
"Oct 01, 2012","11.20","10.95","11.20","11.20","0.90K","2.28%"
"Oct 02, 2012","11.35","11.20","11.75","11.00","24.80K","1.34%"
"Oct 03, 2012","11.65","11.35","11.80","11.20","16.80K","2.64%"
"Oct 04, 2012","11.50","11.65","11.75","11.50","30.30K","-1.29%"
"Oct 05, 2012","11.30","11.50","11.50","11.30","2.20K","-1.74%"
"Oct 08, 2012","11.40","11.30","11.50","11.30","14.40K","0.88%"
"Oct 09, 2012","11.30","11.40","11.50","11.30","6.10K","-0.88%"
"Oct 10, 2012","11.25","11.30","11.50","11.20","3.00K","-0.44%"
"Oct 11, 2012","11.10","11.25","11.50","11.00","25.50K","-1.33%"
"Oct 12, 2012","11.35","11.10","11.50","11.10","4.40K","2.25%"
"Oct 15, 2012","11.25","11.35","11.50","11.10","1.00K","-0.88%"
"Oct 16, 2012","11.05","11.25","11.50","11.00","11.70K","-1.78%"
"Oct 17, 2012","11.00","11.05","11.25","11.00","2.60K","-0.45%"
"Oct 18, 2012","11.10","11.00","11.15","11.10","20.20K","0.91%"
"Oct 19, 2012","11.15","11.10","11.25","11.10","13.90K","0.45%"
"Oct 22, 2012","11.15","11.15","11.20","11.15","5.90K","0.00%"
"Oct 23, 2012","11.10","11.15","11.20","11.10","23.20K","-0.45%"
"Oct 24, 2012","11.45","11.10","11.50","11.15","48.70K","3.15%"
"Oct 25, 2012","11.50","11.45","11.50","11.50","5.20K","0.44%"
"Oct 26, 2012","11.65","11.50","11.90","11.35","9.30K","1.30%"
"Oct 29, 2012","11.35","11.65","11.65","11.30","31.30K","-2.58%"
"Oct 30, 2012","11.60","11.35","11.65","11.10","6.60K","2.20%"
"Oct 31, 2012","11.20","11.60","11.50","11.15","1.30K","-3.45%"
"Nov 01, 2012","11.45","11.20","11.60","11.10","4.80K","2.23%"
"Nov 02, 2012","11.20","11.45","11.25","11.15","1.00K","-2.18%"
"Nov 05, 2012","11.30","11.20","11.60","11.15","6.60K","0.89%"
"Nov 06, 2012","11.10","11.30","11.30","11.05","4.00K","-1.77%"
"Nov 07, 2012","11.30","11.10","12.00","11.20","4.40K","1.80%"
"Nov 08, 2012","11.95","11.10","12.00","11.50","46.90K","5.75%"
"Nov 09, 2012","11.60","11.95","11.95","11.50","3.70K","-2.93%"
"Nov 12, 2012","11.85","11.60","11.90","11.60","29.50K","2.16%"
"Nov 13, 2012","11.90","11.85","12.00","11.50","58.00K","0.42%"
"Nov 14, 2012","11.85","11.90","11.90","11.55","17.60K","-0.42%"
"Nov 15, 2012","11.90","11.85","12.00","11.60","29.50K","0.42%"
"Nov 16, 2012","11.90","11.90","12.00","11.90","19.50K","0.00%"
"Nov 19, 2012","11.60","11.90","12.40","11.20","8.50K","-2.52%"
"Nov 20, 2012","11.60","11.60","12.00","11.40","22.90K","0.00%"
"Nov 21, 2012","12.00","11.90","12.05","11.90","90.10K","3.45%"
"Nov 22, 2012","11.90","12.00","12.00","11.60","72.10K","-0.83%"
"Nov 23, 2012","11.70","11.90","11.90","11.50","3.30K","-1.68%"
"Nov 26, 2012","11.90","11.70","11.90","11.90","0.20K","1.71%"
"Nov 27, 2012","11.95","11.90","12.50","11.50","23.80K","0.42%"
"Nov 28, 2012","11.45","11.95","11.50","11.45","0.60K","-4.18%"
"Nov 29, 2012","12.00","11.45","12.00","12.00","10.80K","4.80%"
"Nov 30, 2012","11.70","12.00","12.00","11.55","1.40K","-2.50%"
"Dec 03, 2012","11.50","11.70","11.50","11.50","1.20K","-1.71%"
"Dec 04, 2012","11.70","11.50","11.70","11.70","0.50K","1.74%"
"Dec 05, 2012","11.60","11.70","11.70","11.50","0.50K","-0.85%"
"Dec 06, 2012","11.45","11.60","11.45","11.45","0.70K","-1.29%"
"Dec 07, 2012","11.55","11.45","11.70","11.50","3.80K","0.87%"
"Dec 10, 2012","11.70","11.55","11.75","11.70","2.70K","1.30%"
"Dec 11, 2012","11.70","11.70","11.80","11.70","6.20K","0.00%"
"Dec 13, 2012","11.70","11.70","11.80","11.70","7.90K","0.00%"
"Dec 14, 2012","11.70","11.70","11.80","11.70","11.60K","0.00%"
"Dec 17, 2012","11.30","11.70","11.70","11.20","16.10K","-3.42%"
"Dec 18, 2012","11.30","11.30","11.30","11.30","5.00K","0.00%"
"Dec 19, 2012","11.70","11.50","11.70","11.50","124.70K","3.54%"
"Dec 20, 2012","11.65","11.70","11.80","11.65","102.80K","-0.43%"
"Dec 21, 2012","11.70","12.00","12.00","11.70","42.90K","0.43%"
"Dec 24, 2012","11.70","11.70","11.70","11.70","0.80K","0.00%"
"Dec 27, 2012","11.70","11.75","11.75","11.70","49.20K","0.00%"
"Dec 28, 2012","11.70","11.70","12.00","11.70","51.80K","0.00%"
"Dec 31, 2012","11.70","12.00","12.00","11.70","32.20K","0.00%"
"Jan 02, 2013","11.95","12.00","12.05","11.70","14.50K","2.14%"
"Jan 03, 2013","11.75","11.70","11.95","11.70","2.30K","-1.67%"
"Jan 04, 2013","11.90","11.95","12.00","11.75","1.90K","1.28%"
"Jan 07, 2013","12.00","11.70","12.05","11.70","64.60K","0.84%"
"Jan 08, 2013","12.10","12.00","12.25","12.00","5.60K","0.83%"
"Jan 09, 2013","12.45","12.00","12.50","12.00","90.60K","2.89%"
"Jan 10, 2013","12.05","12.10","12.10","12.00","42.10K","-3.21%"
"Jan 11, 2013","12.05","12.00","12.80","12.00","0.90K","0.00%"
"Jan 14, 2013","12.95","12.80","12.95","12.80","50.10K","7.47%"
"Jan 15, 2013","12.55","12.10","12.80","12.00","2.90K","-3.09%"
"Jan 16, 2013","12.85","12.10","13.00","12.00","116.30K","2.39%"
"Jan 17, 2013","12.90","12.95","13.50","12.55","6.00K","0.39%"
"Jan 18, 2013","12.80","13.00","13.00","12.50","5.50K","-0.78%"
"Jan 21, 2013","12.40","12.85","12.85","12.00","7.00K","-3.13%"
"Jan 22, 2013","12.40","12.45","12.45","12.40","0.80K","0.00%"
"Jan 23, 2013","12.15","12.00","12.50","11.75","17.50K","-2.02%"
"Jan 24, 2013","12.45","12.00","12.70","12.00","669.30K","2.47%"
"Jan 25, 2013","12.05","12.50","12.50","12.00","7.40K","-3.21%"
"Jan 28, 2013","12.00","12.00","12.00","12.00","1.70K","-0.41%"
"Jan 29, 2013","12.00","12.00","12.05","11.90","6.20K","0.00%"
"Jan 30, 2013","12.00","12.00","12.05","12.00","8.60K","0.00%"
"Jan 31, 2013","11.95","12.00","12.00","11.55","17.40K","-0.42%"
"Feb 01, 2013","11.90","12.00","12.00","11.80","2.00K","-0.42%"
"Feb 04, 2013","11.55","11.55","11.80","11.35","11.90K","-2.94%"
"Feb 05, 2013","11.60","11.60","11.80","11.45","38.20K","0.43%"
"Feb 06, 2013","11.85","11.95","11.95","11.85","0.90K","2.16%"
"Feb 07, 2013","11.85","11.90","11.90","11.85","1.40K","0.00%"
"Feb 08, 2013","11.60","11.85","11.90","11.60","62.90K","-2.11%"
"Feb 11, 2013","11.85","11.60","12.00","11.60","28.70K","2.16%"
"Feb 12, 2013","11.80","12.15","12.15","11.80","37.80K","-0.42%"
"Feb 13, 2013","11.95","12.00","12.15","11.85","26.80K","1.27%"
"Feb 14, 2013","12.10","12.00","12.30","12.00","32.90K","1.26%"
"Feb 15, 2013","12.00","12.10","12.50","11.95","17.30K","-0.83%"
"Feb 18, 2013","11.80","12.00","12.10","11.70","14.40K","-1.67%"
"Feb 19, 2013","11.95","11.75","12.00","11.70","32.20K","1.27%"
"Feb 20, 2013","11.60","12.00","12.00","11.50","10.10K","-2.93%"
"Feb 21, 2013","11.55","11.50","11.70","11.50","21.20K","-0.43%"
"Feb 22, 2013","11.25","11.25","11.25","11.25","1.70K","-2.60%"
"Feb 25, 2013","11.15","11.25","11.25","11.00","1.50K","-0.89%"
"Feb 26, 2013","10.90","11.00","11.00","10.50","28.10K","-2.24%"
"Feb 27, 2013","10.95","11.00","11.00","10.90","20.00K","0.46%"
"Feb 28, 2013","11.00","11.00","11.55","10.50","78.50K","0.46%"
"Mar 01, 2013","11.20","11.10","11.50","11.00","131.70K","1.82%"
"Mar 06, 2013","11.45","11.50","11.95","11.45","73.00K","2.23%"
"Mar 07, 2013","11.95","11.50","12.10","11.45","163.80K","4.37%"
"Mar 08, 2013","12.05","11.80","12.10","11.80","14.20K","0.84%"
"Mar 11, 2013","12.40","12.40","12.60","12.40","4.90K","2.90%"
"Mar 12, 2013","13.35","13.60","13.60","12.60","24.00K","7.66%"
"Mar 13, 2013","13.00","13.00","13.00","13.00","5.10K","-2.62%"
"Mar 14, 2013","12.55","13.35","13.35","11.70","13.90K","-3.46%"
"Mar 15, 2013","12.90","12.60","13.50","12.00","34.70K","2.79%"
"Mar 18, 2013","12.45","12.00","12.95","12.00","2.80K","-3.49%"
"Mar 19, 2013","12.45","12.75","12.75","12.25","25.50K","0.00%"
"Mar 20, 2013","12.10","12.25","12.75","12.00","10.40K","-2.81%"
"Mar 21, 2013","11.95","12.45","12.50","11.25","17.40K","-1.24%"
"Mar 22, 2013","11.85","11.50","12.40","11.50","2.00K","-0.84%"
"Mar 25, 2013","12.20","12.50","12.50","12.00","4.40K","2.95%"
"Mar 26, 2013","11.60","12.00","12.00","11.50","29.50K","-4.92%"
"Mar 27, 2013","12.10","12.20","12.20","12.00","2.40K","4.31%"
"Mar 28, 2013","11.95","12.00","12.20","11.60","11.10K","-1.24%"
"Apr 02, 2013","12.40","12.20","13.00","12.05","61.50K","3.77%"
"Apr 03, 2013","12.40","13.00","13.45","12.05","12.70K","0.00%"
"Apr 04, 2013","12.65","12.35","13.00","11.50","7.70K","2.02%"
"Apr 05, 2013","13.05","13.00","13.20","11.85","75.00K","3.16%"
"Apr 08, 2013","12.70","13.00","13.10","12.50","4.70K","-2.68%"
"Apr 10, 2013","12.60","12.70","13.00","12.50","3.40K","-0.79%"
"Apr 11, 2013","12.95","12.80","13.50","12.50","194.50K","2.78%"
"Apr 12, 2013","13.10","13.40","13.40","13.00","39.30K","1.16%"
"Apr 15, 2013","13.40","13.10","13.50","13.10","35.30K","2.29%"
"Apr 16, 2013","13.45","13.20","13.50","13.20","24.30K","0.37%"
"Apr 17, 2013","13.45","13.20","13.75","13.20","46.30K","0.00%"
"Apr 18, 2013","13.05","13.05","13.05","13.05","30.50K","-2.97%"
"Apr 19, 2013","13.10","13.05","13.20","13.05","8.20K","0.38%"
"Apr 22, 2013","13.45","13.75","13.75","13.10","31.50K","2.67%"
"Apr 23, 2013","13.50","13.30","13.90","12.60","10.20K","0.37%"
"Apr 24, 2013","13.40","13.40","13.45","13.40","40.10K","-0.74%"
"Apr 25, 2013","13.40","13.40","13.40","13.40","1.50K","0.00%"
"Apr 26, 2013","13.10","13.10","13.20","13.00","19.50K","-2.24%"
"Apr 29, 2013","12.70","12.75","13.00","12.70","18.60K","-3.05%"
"Apr 30, 2013","12.90","13.00","13.20","12.70","47.50K","1.57%"
"May 02, 2013","12.85","12.50","13.00","12.35","4.50K","-0.39%"
"May 03, 2013","13.40","12.50","13.50","12.50","598.70K","4.28%"
"May 06, 2013","13.20","13.30","13.30","13.20","2.30K","-1.49%"
"May 07, 2013","13.25","13.20","13.40","13.20","12.50K","0.38%"
"May 08, 2013","13.05","13.20","13.30","13.00","15.80K","-1.51%"
"May 09, 2013","13.00","13.00","13.25","13.00","24.60K","-0.38%"
"May 10, 2013","13.55","13.05","13.60","13.00","253.90K","4.23%"
"May 13, 2013","13.60","13.10","13.60","13.10","306.60K","0.37%"
"May 14, 2013","13.50","13.40","13.50","13.00","112.20K","-0.74%"
"May 15, 2013","13.40","13.35","13.50","13.25","193.00K","-0.74%"
"May 16, 2013","13.55","13.55","13.60","13.50","6.40K","1.12%"
"May 17, 2013","13.55","13.50","13.70","13.50","34.90K","0.00%"
"May 20, 2013","13.50","13.50","13.50","13.50","0.50K","-0.37%"
"May 21, 2013","13.55","13.50","14.00","13.50","14.20K","0.37%"
"May 22, 2013","13.60","13.60","13.60","13.60","20.00K","0.37%"
"May 23, 2013","13.95","13.60","14.00","13.60","113.60K","2.57%"
"May 24, 2013","14.00","14.00","14.00","14.00","3.60K","0.36%"
"May 27, 2013","14.00","14.00","14.00","13.95","74.30K","0.00%"
"May 28, 2013","13.85","14.00","14.00","13.80","56.00K","-1.07%"
"May 29, 2013","14.00","14.00","14.20","13.95","439.60K","1.08%"
"May 30, 2013","14.00","14.00","14.15","14.00","513.90K","0.00%"
"May 31, 2013","14.20","14.20","14.20","14.20","2.60K","1.43%"
"Jun 03, 2013","13.70","13.30","14.00","13.05","4.00K","-3.52%"
"Jun 04, 2013","13.85","13.80","13.90","13.80","1.10K","1.09%"
"Jun 05, 2013","13.95","14.00","14.00","13.10","35.10K","0.72%"
"Jun 06, 2013","14.35","14.50","14.50","14.20","53.80K","2.87%"
"Jun 07, 2013","14.85","14.90","15.00","14.35","29.50K","3.48%"
"Jun 10, 2013","14.55","14.70","14.70","14.55","9.10K","-2.02%"
"Jun 11, 2013","14.65","14.55","14.70","14.55","33.30K","0.69%"
"Jun 12, 2013","14.50","14.55","14.60","14.40","28.20K","-1.02%"
"Jun 13, 2013","14.60","14.55","14.65","14.50","11.50K","0.69%"
"Jun 14, 2013","14.50","14.60","14.60","14.00","83.10K","-0.68%"
"Jun 17, 2013","14.30","14.25","14.45","14.15","42.50K","-1.38%"
"Jun 18, 2013","14.25","14.30","14.60","14.10","57.50K","-0.35%"
"Jun 19, 2013","13.75","14.10","14.15","13.50","7.10K","-3.51%"
"Jun 20, 2013","13.45","14.15","14.15","13.10","16.50K","-2.18%"
"Jun 21, 2013","13.50","13.50","13.75","13.50","259.80K","0.37%"
"Jun 24, 2013","13.50","13.75","14.00","13.50","16.30K","0.00%"
"Jun 25, 2013","13.50","13.50","13.75","13.50","35.20K","0.00%"
"Jun 26, 2013","13.65","13.75","13.75","13.50","14.40K","1.11%"
"Jun 27, 2013","13.50","13.75","13.75","13.50","14.30K","-1.10%"
"Jun 28, 2013","13.65","13.50","14.00","13.40","9.50K","1.11%"
"Jul 01, 2013","13.50","13.50","14.00","13.50","50.20K","-1.10%"
"Jul 02, 2013","12.80","13.00","13.00","12.80","2.90K","-5.19%"
"Jul 03, 2013","12.70","12.80","12.80","12.70","2.50K","-0.78%"
"Jul 04, 2013","12.60","12.50","12.65","12.50","6.80K","-0.79%"
"Jul 05, 2013","12.50","12.65","12.65","11.50","2.90K","-0.79%"
"Jul 08, 2013","11.55","12.05","12.05","11.55","1.90K","-7.60%"
"Jul 09, 2013","11.95","11.60","12.20","11.60","18.00K","3.46%"
"Jul 10, 2013","12.20","12.20","12.65","12.00","4.60K","2.09%"
"Jul 11, 2013","12.65","12.20","13.00","12.20","21.40K","3.69%"
"Jul 12, 2013","13.70","13.10","13.90","13.10","16.10K","8.30%"
"Jul 15, 2013","14.00","14.00","14.00","14.00","13.80K","2.19%"
"Jul 16, 2013","14.50","14.00","14.75","14.00","151.40K","3.57%"
"Jul 17, 2013","14.10","14.00","14.50","14.00","31.50K","-2.76%"
"Jul 18, 2013","14.05","14.00","14.10","14.00","11.20K","-0.35%"
"Jul 19, 2013","14.05","14.00","14.20","14.00","9.30K","0.00%"
"Jul 22, 2013","14.05","14.10","14.10","14.00","10.00K","0.00%"
"Jul 23, 2013","14.25","14.30","14.50","14.00","36.90K","1.42%"
"Jul 24, 2013","14.40","14.40","14.40","14.40","0.40K","1.05%"
"Jul 25, 2013","14.40","14.40","14.50","14.40","4.50K","0.00%"
"Jul 26, 2013","14.10","14.40","14.40","14.05","4.40K","-2.08%"
"Jul 29, 2013","14.10","14.10","14.40","14.10","11.20K","0.00%"
"Jul 30, 2013","14.00","14.10","14.10","14.00","6.10K","-0.71%"
"Jul 31, 2013","14.00","14.05","14.05","13.90","2.80K","0.00%"
"Aug 01, 2013","13.30","14.00","14.00","13.30","4.20K","-5.00%"
"Aug 02, 2013","13.80","14.00","14.00","13.50","6.10K","3.76%"
"Aug 05, 2013","13.80","13.55","14.20","13.15","8.50K","0.00%"
"Aug 06, 2013","13.95","14.00","14.40","13.30","50.60K","1.09%"
"Aug 07, 2013","14.25","13.70","14.40","13.70","6.30K","2.15%"
"Aug 08, 2013","13.80","14.30","14.30","13.60","428.80K","-3.16%"
"Aug 12, 2013","13.90","13.90","13.90","13.90","0.10K","0.72%"
"Aug 13, 2013","13.80","13.90","14.10","13.50","9.20K","-0.72%"
"Aug 14, 2013","13.80","13.75","14.10","13.55","13.90K","0.00%"
"Aug 15, 2013","13.75","14.10","14.10","13.70","4.60K","-0.36%"
"Aug 16, 2013","14.15","13.75","14.20","13.75","36.50K","2.91%"
"Aug 19, 2013","14.15","14.20","14.20","13.80","24.30K","0.00%"
"Aug 20, 2013","13.95","13.75","14.15","13.75","7.90K","-1.41%"
"Aug 21, 2013","14.00","14.15","14.15","13.60","5.60K","0.36%"
"Aug 22, 2013","14.00","14.00","14.00","13.95","38.80K","0.00%"
"Aug 23, 2013","14.00","14.00","14.05","13.95","20.70K","0.00%"
"Aug 26, 2013","13.90","14.10","14.10","13.55","9.50K","-0.71%"
"Aug 27, 2013","13.95","13.90","14.00","13.90","20.20K","0.36%"
"Aug 28, 2013","13.90","14.00","14.00","13.60","49.10K","-0.36%"
"Aug 29, 2013","13.75","14.10","14.10","13.60","2.20K","-1.08%"
"Aug 30, 2013","13.90","14.00","14.10","13.60","14.90K","1.09%"
"Sep 02, 2013","13.60","13.50","13.90","13.50","1.60K","-2.16%"
"Sep 03, 2013","13.90","13.80","14.00","13.80","15.10K","2.21%"
"Sep 04, 2013","13.85","13.50","13.90","13.50","2.80K","-0.36%"
"Sep 05, 2013","13.55","13.50","14.00","13.50","3.30K","-2.17%"
"Sep 06, 2013","13.95","13.95","14.00","13.90","37.20K","2.95%"
"Sep 09, 2013","13.95","14.00","14.00","13.95","19.10K","0.00%"
"Sep 10, 2013","13.90","13.95","13.95","13.60","1.90K","-0.36%"
"Sep 11, 2013","13.55","13.60","13.60","13.50","2.50K","-2.52%"
"Sep 12, 2013","13.60","13.55","13.95","13.55","1.90K","0.37%"
"Sep 13, 2013","13.90","13.55","13.90","13.55","401.80K","2.21%"
"Sep 16, 2013","13.40","13.90","13.90","13.00","44.60K","-3.60%"
"Sep 17, 2013","12.90","13.00","13.90","12.80","27.50K","-3.73%"
"Sep 18, 2013","13.00","12.90","13.20","12.90","4.40K","0.78%"
"Sep 19, 2013","13.70","13.70","13.70","13.70","0.10K","5.38%"
"Sep 20, 2013","13.45","13.00","13.85","13.00","6.30K","-1.82%"
"Sep 23, 2013","13.20","13.60","13.60","13.00","23.80K","-1.86%"
"Sep 24, 2013","13.10","13.10","13.85","13.10","10.30K","-0.76%"
"Sep 25, 2013","13.85","13.85","13.90","13.80","4.40K","5.73%"
"Sep 26, 2013","13.20","13.30","13.30","13.20","2.50K","-4.69%"
"Sep 27, 2013","13.30","13.30","13.30","13.30","0.50K","0.76%"
"Sep 30, 2013","13.30","13.30","13.50","13.25","28.20K","0.00%"
"Oct 02, 2013","13.45","13.50","13.90","13.20","11.90K","1.13%"
"Oct 03, 2013","13.30","13.30","13.40","13.30","10.70K","-1.12%"
"Oct 04, 2013","13.30","13.30","13.85","13.30","3.40K","0.00%"
"Oct 07, 2013","13.50","13.50","13.50","13.50","8.40K","1.50%"
"Oct 08, 2013","13.85","13.50","14.20","13.50","93.70K","2.59%"
"Oct 09, 2013","14.25","13.75","14.50","13.50","134.90K","2.89%"
"Oct 10, 2013","13.90","13.85","14.00","13.50","8.50K","-2.46%"
"Oct 11, 2013","13.45","13.40","14.00","13.30","7.60K","-3.24%"
"Oct 14, 2013","13.50","13.50","13.70","13.35","102.30K","0.37%"
"Oct 15, 2013","13.55","13.35","13.70","13.35","7.60K","0.37%"
"Oct 16, 2013","13.50","13.50","13.50","13.50","1.60K","-0.37%"
"Oct 17, 2013","13.60","13.55","14.00","13.35","3.50K","0.74%"
"Oct 18, 2013","13.75","13.75","13.75","13.75","2.40K","1.10%"
"Oct 22, 2013","14.00","14.00","14.00","14.00","4.00K","1.82%"
"Oct 23, 2013","14.20","14.00","14.25","14.00","7.20K","1.43%"
"Oct 24, 2013","14.00","14.00","14.05","14.00","52.50K","-1.41%"
"Oct 25, 2013","14.00","14.05","14.05","14.00","5.60K","0.00%"
"Oct 28, 2013","13.95","14.00","14.00","13.75","13.80K","-0.36%"
"Oct 30, 2013","13.70","14.00","14.00","13.30","24.00K","-1.79%"
"Oct 31, 2013","14.00","13.95","14.05","13.75","31.80K","2.19%"
"Nov 01, 2013","13.80","13.80","13.80","13.80","1.30K","-1.43%"
"Nov 04, 2013","13.95","13.90","14.00","13.80","7.80K","1.09%"
"Nov 05, 2013","13.90","14.00","14.00","13.80","6.60K","-0.36%"
"Nov 06, 2013","13.90","14.00","14.00","13.50","7.70K","0.00%"
"Nov 07, 2013","13.70","13.90","13.90","13.50","8.10K","-1.44%"
"Nov 08, 2013","13.55","13.50","13.70","13.50","3.00K","-1.09%"
"Nov 11, 2013","13.50","14.50","14.50","13.50","11.90K","-0.37%"
"Nov 12, 2013","13.55","13.80","13.95","13.20","8.90K","0.37%"
"Nov 13, 2013","13.55","13.50","14.00","13.50","18.90K","0.00%"
"Nov 14, 2013","14.15","13.60","14.50","13.60","72.10K","4.43%"
"Nov 15, 2013","13.90","14.00","14.00","13.55","1.90K","-1.77%"
"Nov 18, 2013","13.85","14.00","15.00","13.60","9.20K","-0.36%"
"Nov 19, 2013","14.40","15.00","15.00","13.60","6.20K","3.97%"
"Nov 20, 2013","13.65","13.65","13.75","13.60","7.60K","-5.21%"
"Nov 21, 2013","13.85","13.85","13.95","13.85","4.50K","1.47%"
"Nov 22, 2013","14.40","14.00","14.50","13.95","87.40K","3.97%"
"Nov 25, 2013","14.20","14.00","14.40","14.00","5.40K","-1.39%"
"Nov 26, 2013","14.45","14.40","14.50","14.00","48.50K","1.76%"
"Nov 27, 2013","14.35","14.40","14.40","14.35","20.00K","-0.69%"
"Nov 28, 2013","14.40","14.40","14.50","13.95","49.00K","0.35%"
"Nov 29, 2013","14.05","14.00","14.35","14.00","27.40K","-2.43%"
"Dec 02, 2013","14.00","14.20","14.20","14.00","4.90K","-0.36%"
"Dec 03, 2013","14.35","14.35","14.50","13.65","57.90K","2.50%"
"Dec 04, 2013","14.45","14.35","14.50","14.00","235.00K","0.70%"
"Dec 05, 2013","14.00","14.00","14.00","14.00","6.00K","-3.11%"
"Dec 06, 2013","14.00","14.20","14.20","14.00","10.50K","0.00%"
"Dec 09, 2013","14.05","14.00","14.70","14.00","18.10K","0.36%"
"Dec 10, 2013","14.95","14.70","15.40","14.70","46.70K","6.41%"
"Dec 11, 2013","14.75","14.75","15.40","14.50","17.40K","-1.34%"
"Dec 16, 2013","15.30","15.50","15.50","15.45","9.20K","3.73%"
"Dec 17, 2013","14.40","15.50","15.50","14.10","33.50K","-5.88%"
"Dec 18, 2013","14.75","14.50","15.00","14.50","12.80K","2.43%"
"Dec 19, 2013","14.70","14.65","15.30","14.60","212.90K","-0.34%"
"Dec 20, 2013","15.20","15.50","15.50","14.60","2.30K","3.40%"
"Dec 23, 2013","14.65","15.00","16.00","14.55","53.70K","-3.62%"
"Dec 24, 2013","14.55","14.55","14.65","14.55","25.50K","-0.68%"
"Dec 27, 2013","14.75","14.65","15.00","14.65","5.60K","1.37%"
"Dec 30, 2013","14.70","15.00","15.00","14.65","1.30K","-0.34%"
"Dec 31, 2013","14.65","14.65","15.00","14.65","25.80K","-0.34%"
"Jan 02, 2014","14.70","15.00","15.00","14.70","18.60K","0.34%"
"Jan 03, 2014","14.95","14.70","15.00","14.70","17.20K","1.70%"
"Jan 06, 2014","15.00","15.00","15.25","14.85","98.70K","0.33%"
"Jan 07, 2014","14.95","15.00","15.20","14.70","7.30K","-0.33%"
"Jan 08, 2014","15.10","15.00","15.25","15.00","44.00K","1.00%"
"Jan 09, 2014","15.05","15.00","15.25","14.70","5.30K","-0.33%"
"Jan 10, 2014","15.25","15.20","16.00","14.70","82.90K","1.33%"
"Jan 13, 2014","15.05","15.10","16.00","15.00","11.10K","-1.31%"
"Jan 14, 2014","15.70","15.00","16.00","15.00","20.20K","4.32%"
"Jan 15, 2014","16.55","16.00","17.20","15.50","33.40K","5.41%"
"Jan 16, 2014","15.95","15.10","17.00","15.10","18.90K","-3.63%"
"Jan 17, 2014","16.00","16.00","16.95","16.00","46.00K","0.31%"
"Jan 20, 2014","16.55","16.00","17.50","16.00","53.60K","3.44%"
"Jan 21, 2014","17.30","16.55","18.00","16.55","32.20K","4.53%"
"Jan 22, 2014","17.45","17.30","17.90","17.25","22.60K","0.87%"
"Jan 23, 2014","17.55","17.25","17.75","17.20","28.00K","0.57%"
"Jan 24, 2014","17.95","17.50","19.30","17.50","38.10K","2.28%"
"Jan 27, 2014","18.45","17.80","18.55","17.75","1.04M","2.79%"
"Jan 28, 2014","18.80","18.50","19.30","18.50","6.20K","1.90%"
"Jan 29, 2014","19.65","19.50","19.95","19.00","25.80K","4.52%"
"Jan 30, 2014","19.70","19.45","19.95","19.45","46.80K","0.25%"
"Jan 31, 2014","18.95","19.00","19.70","18.50","80.50K","-3.81%"
"Feb 03, 2014","18.60","19.15","19.15","18.50","5.40K","-1.85%"
"Feb 04, 2014","18.70","18.60","18.90","18.60","24.00K","0.54%"
"Feb 05, 2014","18.20","18.60","19.00","18.10","250.80K","-2.67%"
"Feb 06, 2014","17.95","18.00","18.00","17.80","4.10K","-1.37%"
"Feb 07, 2014","17.20","17.80","18.00","17.00","36.70K","-4.18%"
"Feb 10, 2014","16.75","17.20","17.25","16.00","38.20K","-2.62%"
"Feb 11, 2014","17.10","16.95","17.45","16.10","46.30K","2.09%"
"Feb 12, 2014","16.60","16.80","16.80","16.50","9.10K","-2.92%"
"Feb 13, 2014","16.65","17.00","17.00","16.20","17.30K","0.30%"
"Feb 14, 2014","17.25","16.50","17.70","16.20","37.70K","3.60%"
"Feb 17, 2014","17.25","16.20","18.00","16.20","75.10K","0.00%"
"Feb 18, 2014","16.95","17.95","17.95","16.25","34.40K","-1.74%"
"Feb 19, 2014","17.00","17.00","17.50","16.90","55.50K","0.29%"
"Feb 20, 2014","16.95","17.00","17.00","16.25","25.80K","-0.29%"
"Feb 21, 2014","16.95","17.00","17.00","16.50","106.00K","0.00%"
"Feb 24, 2014","16.60","16.50","16.90","16.50","16.10K","-2.06%"
"Feb 25, 2014","16.95","16.65","17.00","16.50","69.20K","2.11%"
"Feb 26, 2014","17.00","17.00","17.10","17.00","59.40K","0.29%"
"Feb 27, 2014","17.05","17.05","17.05","17.00","11.10K","0.29%"
"Feb 28, 2014","16.95","17.00","17.10","16.25","22.70K","-0.59%"
"Mar 03, 2014","17.10","17.05","17.80","17.00","8.20K","0.88%"
"Mar 04, 2014","17.50","17.05","17.80","17.05","42.60K","2.34%"
"Mar 05, 2014","17.25","17.35","18.20","17.00","35.20K","-1.43%"
"Mar 06, 2014","16.55","16.55","16.70","16.50","19.10K","-4.06%"
"Mar 07, 2014","17.05","18.00","18.00","17.00","30.30K","3.02%"
"Mar 10, 2014","17.90","18.00","18.00","17.40","7.60K","4.99%"
"Mar 11, 2014","17.30","17.40","17.40","17.00","27.20K","-3.35%"
"Mar 12, 2014","18.20","17.60","18.50","17.10","18.40K","5.20%"
"Mar 13, 2014","17.60","17.05","18.00","17.05","5.50K","-3.30%"
"Mar 14, 2014","17.70","17.90","17.90","17.50","2.50K","0.57%"
"Mar 17, 2014","17.35","17.90","17.90","17.30","4.50K","-1.98%"
"Mar 18, 2014","17.55","17.50","17.90","17.50","1.50K","1.15%"
"Mar 19, 2014","17.45","17.50","17.50","17.40","28.20K","-0.57%"
"Mar 20, 2014","17.35","17.25","17.60","17.25","26.40K","-0.57%"
"Mar 21, 2014","17.35","17.40","17.40","17.30","52.30K","0.00%"
"Mar 24, 2014","17.15","17.40","17.40","17.10","3.60K","-1.15%"
"Mar 25, 2014","17.10","17.30","18.00","15.50","103.50K","-0.29%"
"Mar 26, 2014","17.75","17.40","18.50","17.00","35.70K","3.80%"
"Mar 27, 2014","17.30","17.40","17.50","17.10","34.80K","-2.54%"
"Mar 28, 2014","17.35","17.10","17.80","16.80","11.20K","0.29%"
"Mar 31, 2014","17.15","16.80","17.30","16.80","10.90K","-1.15%"
"Apr 01, 2014","17.50","17.50","17.50","17.50","0.30K","2.04%"
"Apr 02, 2014","17.20","17.50","17.50","17.00","12.50K","-1.71%"
"Apr 04, 2014","17.15","17.45","17.45","17.10","23.90K","-0.29%"
"Apr 07, 2014","17.10","17.30","17.30","17.10","6.70K","-0.29%"
"Apr 08, 2014","17.00","17.10","17.30","17.00","43.00K","-0.58%"
"Apr 09, 2014","17.00","17.00","17.00","17.00","61.90K","0.00%"
"Apr 10, 2014","17.00","17.00","17.00","17.00","0.50K","0.00%"
"Apr 11, 2014","16.75","16.80","16.80","16.50","1.50K","-1.47%"
"Apr 14, 2014","17.05","16.75","17.40","16.75","50.30K","1.79%"
"Apr 15, 2014","17.15","17.15","17.15","17.15","0.30K","0.59%"
"Apr 16, 2014","17.00","17.20","17.50","17.00","15.30K","-0.87%"
"Apr 22, 2014","16.85","15.50","17.00","15.50","26.20K","-0.88%"
"Apr 23, 2014","16.85","16.85","16.85","16.85","12.00K","0.00%"
"Apr 24, 2014","16.40","17.00","17.00","16.35","7.10K","-2.67%"
"Apr 25, 2014","16.60","17.00","17.00","16.35","1.50K","1.22%"
"Apr 28, 2014","16.75","17.10","17.10","16.75","11.80K","0.90%"
"Apr 29, 2014","16.95","16.80","17.10","16.80","19.60K","1.19%"
"Apr 30, 2014","16.85","16.85","16.85","16.85","0.80K","-0.59%"
"May 02, 2014","17.35","16.85","17.95","16.85","11.00K","2.97%"
"May 05, 2014","17.05","16.85","17.95","16.85","29.90K","-1.73%"
"May 06, 2014","16.70","16.75","17.00","16.00","55.90K","-2.05%"
"May 07, 2014","16.95","17.00","17.00","16.90","1.60K","1.50%"
"May 08, 2014","16.70","16.70","16.70","16.70","0.60K","-1.47%"
"May 09, 2014","16.85","16.20","17.00","16.20","13.80K","0.90%"
"May 12, 2014","16.75","16.90","17.10","16.65","10.30K","-0.59%"
"May 13, 2014","17.30","16.65","17.50","16.65","20.50K","3.28%"
"May 14, 2014","16.70","16.70","16.85","16.70","70.20K","-3.47%"
"May 15, 2014","16.90","17.00","17.00","16.85","2.40K","1.20%"
"May 16, 2014","17.00","17.00","17.00","17.00","5.70K","0.59%"
"May 19, 2014","17.00","17.00","17.00","17.00","99.10K","0.00%"
"May 20, 2014","17.10","17.00","17.30","16.90","8.30K","0.59%"
"May 21, 2014","16.90","16.70","17.10","16.70","42.30K","-1.17%"
"May 22, 2014","17.10","17.20","17.20","16.85","11.00K","1.18%"
"May 23, 2014","17.20","17.40","17.40","16.80","1.50K","0.58%"
"May 26, 2014","16.85","17.00","17.00","16.80","0.70K","-2.03%"
"May 27, 2014","16.35","16.70","16.75","15.20","24.30K","-2.97%"
"May 28, 2014","16.35","16.00","16.50","16.00","7.90K","0.00%"
"May 29, 2014","16.65","16.15","17.00","16.15","15.00K","1.83%"
"May 30, 2014","15.90","16.00","16.00","15.50","24.10K","-4.50%"
"Jun 03, 2014","15.95","16.65","16.65","15.90","17.90K","0.31%"
"Jun 04, 2014","15.95","15.90","16.05","15.90","8.60K","0.00%"
"Jun 05, 2014","16.25","16.20","16.30","16.20","8.10K","1.88%"
"Jun 06, 2014","16.30","16.35","16.35","16.30","12.80K","0.31%"
"Jun 09, 2014","15.85","16.35","16.35","15.00","43.00K","-2.76%"
"Jun 10, 2014","15.75","15.15","15.80","15.15","18.30K","-0.63%"
"Jun 11, 2014","15.70","15.75","15.75","15.70","42.60K","-0.32%"
"Jun 12, 2014","15.30","15.30","15.30","15.30","0.90K","-2.55%"
"Jun 13, 2014","16.25","16.35","16.35","16.00","9.50K","6.21%"
"Jun 16, 2014","16.05","16.30","16.30","15.30","1.90K","-1.23%"
"Jun 17, 2014","15.75","16.25","16.25","15.30","3.60K","-1.87%"
"Jun 18, 2014","16.15","15.75","16.30","15.75","42.90K","2.54%"
"Jun 19, 2014","16.00","16.00","16.05","16.00","3.90K","-0.93%"
"Jun 20, 2014","15.95","16.00","16.00","15.80","5.20K","-0.31%"
"Jun 23, 2014","16.35","16.30","16.40","16.30","0.20K","2.51%"
"Jun 24, 2014","16.45","16.50","16.50","16.30","2.30K","0.61%"
"Jun 25, 2014","15.95","16.00","16.30","15.80","7.90K","-3.04%"
"Jun 26, 2014","15.95","15.30","16.00","15.30","4.10K","0.00%"
"Jun 27, 2014","15.70","16.00","16.00","15.30","13.00K","-1.57%"
"Jun 30, 2014","16.00","16.00","16.00","15.70","5.41M","1.91%"
"Jul 01, 2014","16.00","16.00","16.40","15.70","691.00K","0.00%"
"Jul 02, 2014","16.00","16.20","16.20","16.00","6.80K","0.00%"
"Jul 03, 2014","14.85","15.70","15.70","14.55","17.60K","-7.19%"
"Jul 04, 2014","14.90","14.65","15.00","14.65","0.50K","0.34%"
"Jul 07, 2014","14.85","14.70","15.00","14.70","3.70K","-0.34%"
"Jul 08, 2014","15.05","15.00","15.70","14.65","18.10K","1.35%"
"Jul 09, 2014","15.10","15.10","15.70","15.00","4.20K","0.33%"
"Jul 10, 2014","16.00","15.70","16.00","15.50","1.80M","5.96%"
"Jul 11, 2014","15.95","16.00","16.20","15.00","63.80K","-0.31%"
"Jul 14, 2014","16.10","14.80","16.15","14.80","101.60K","0.94%"
"Jul 15, 2014","15.65","15.70","16.00","14.85","14.40K","-2.80%"
"Jul 16, 2014","15.45","14.85","16.10","14.85","11.70K","-1.28%"
"Jul 17, 2014","15.55","15.95","15.95","15.50","1.40K","0.65%"
"Jul 18, 2014","15.25","15.50","15.50","15.10","2.50K","-1.93%"
"Jul 21, 2014","15.30","15.05","16.05","15.05","3.40K","0.33%"
"Jul 22, 2014","15.30","15.35","15.35","15.30","26.50K","0.00%"
"Jul 23, 2014","15.25","15.30","15.30","15.00","68.90K","-0.33%"
"Jul 24, 2014","15.30","15.20","16.00","15.00","4.10K","0.33%"
"Jul 25, 2014","15.60","15.90","15.90","15.40","0.90K","1.96%"
"Jul 28, 2014","15.95","15.90","16.20","15.80","147.90K","2.24%"
"Jul 30, 2014","15.75","16.15","16.15","15.25","1.50K","-1.25%"
"Jul 31, 2014","15.95","15.95","16.00","15.95","6.40K","1.27%"
"Aug 01, 2014","15.40","14.80","16.10","14.80","9.60K","-3.45%"
"Aug 05, 2014","15.45","15.60","15.60","14.85","4.80K","0.32%"
"Aug 06, 2014","15.35","15.40","15.40","14.85","14.00K","-0.65%"
"Aug 07, 2014","14.90","14.95","14.95","14.90","6.50K","-2.93%"
"Aug 08, 2014","14.95","15.00","15.00","14.55","16.70K","0.34%"
"Aug 11, 2014","15.15","15.00","15.50","14.90","3.50K","1.34%"
"Aug 12, 2014","16.30","16.00","16.50","16.00","11.70K","7.59%"
"Aug 13, 2014","15.50","15.50","15.50","15.50","0.40K","-4.91%"
"Aug 14, 2014","15.95","16.00","16.00","15.50","26.10K","2.90%"
"Aug 15, 2014","15.55","15.70","15.95","15.50","3.30K","-2.51%"
"Aug 18, 2014","15.50","15.55","15.55","15.50","0.70K","-0.32%"
"Aug 19, 2014","15.55","15.50","15.95","15.50","1.20K","0.32%"
"Aug 20, 2014","15.25","15.50","15.95","14.55","7.10K","-1.93%"
"Aug 21, 2014","14.70","14.70","15.00","14.70","21.70K","-3.61%"
"Aug 22, 2014","14.50","14.75","15.20","14.00","79.80K","-1.36%"
"Aug 25, 2014","14.60","15.50","15.50","14.30","0.70K","0.69%"
"Aug 26, 2014","14.35","14.60","14.60","14.30","0.60K","-1.71%"
"Aug 27, 2014","14.40","14.30","15.00","14.30","2.10K","0.35%"
"Aug 28, 2014","14.50","14.50","14.50","14.50","10.80K","0.69%"
"Aug 29, 2014","15.45","15.45","15.45","15.45","1.00K","6.55%"
"Sep 01, 2014","15.20","15.20","15.20","15.20","0.20K","-1.62%"
"Sep 02, 2014","15.65","15.20","15.90","14.30","28.40K","2.96%"
"Sep 03, 2014","15.35","15.70","15.70","14.40","4.10K","-1.92%"
"Sep 04, 2014","15.60","15.65","15.65","15.40","4.30K","1.63%"
"Sep 05, 2014","15.60","15.65","15.65","15.60","5.00K","0.00%"
"Sep 08, 2014","15.75","15.95","15.95","15.40","11.40K","0.96%"
"Sep 09, 2014","15.95","15.95","15.95","15.95","1.40K","1.27%"
"Sep 10, 2014","15.50","15.50","15.50","15.50","0.50K","-2.82%"
"Sep 11, 2014","15.05","15.50","15.50","15.00","3.20K","-2.90%"
"Sep 12, 2014","15.00","15.00","15.00","14.35","163.30K","-0.33%"
"Sep 15, 2014","14.35","14.40","14.40","14.35","6.80K","-4.33%"
"Sep 16, 2014","14.40","15.00","15.00","14.35","13.90K","0.35%"
"Sep 17, 2014","14.45","14.45","15.40","14.45","9.70K","0.35%"
"Sep 18, 2014","14.40","14.40","14.50","14.35","21.00K","-0.35%"
"Sep 19, 2014","14.50","14.40","15.20","14.40","48.30K","0.69%"
"Sep 22, 2014","14.45","15.00","15.00","14.45","7.10K","-0.34%"
"Sep 23, 2014","14.55","14.50","15.00","14.40","24.30K","0.69%"
"Sep 24, 2014","14.20","14.55","14.80","14.20","6.80K","-2.41%"
"Sep 25, 2014","14.70","14.80","14.80","14.20","19.90K","3.52%"
"Sep 26, 2014","14.45","14.95","14.95","14.20","38.00K","-1.70%"
"Sep 29, 2014","14.05","14.20","14.50","13.75","22.00K","-2.77%"
"Sep 30, 2014","14.50","14.50","15.00","14.50","26.40K","3.20%"
"Oct 01, 2014","14.30","14.50","14.50","14.20","2.40K","-1.38%"
"Oct 02, 2014","14.45","14.00","14.90","13.00","294.10K","1.05%"
"Oct 03, 2014","14.70","14.95","14.95","14.05","5.40K","1.73%"
"Oct 06, 2014","14.60","14.05","15.00","13.95","14.60K","-0.68%"
"Oct 07, 2014","14.65","15.00","15.00","14.60","96.10K","0.34%"
"Oct 08, 2014","15.05","15.00","15.20","14.80","77.00K","2.73%"
"Oct 09, 2014","14.75","14.80","14.80","14.60","66.30K","-1.99%"
"Oct 10, 2014","14.70","14.60","14.80","14.60","18.70K","-0.34%"
"Oct 13, 2014","14.75","14.80","14.80","14.75","7.10K","0.34%"
"Oct 14, 2014","14.70","14.75","14.75","14.60","92.10K","-0.34%"
"Oct 15, 2014","14.35","14.75","14.75","13.50","13.50K","-2.38%"
"Oct 16, 2014","14.10","14.00","14.50","13.75","20.80K","-1.74%"
"Oct 17, 2014","14.40","14.50","14.50","14.00","7.60K","2.13%"
"Oct 21, 2014","14.50","14.50","14.50","14.50","10.60K","0.69%"
"Oct 22, 2014","14.40","14.50","14.50","13.50","19.40K","-0.69%"
"Oct 23, 2014","14.00","14.45","14.45","14.00","2.40K","-2.78%"
"Oct 24, 2014","14.40","14.00","14.50","14.00","4.80K","2.86%"
"Oct 27, 2014","14.00","14.00","14.45","13.50","13.30K","-2.78%"
"Oct 28, 2014","14.00","14.00","14.45","14.00","4.80K","0.00%"
"Oct 29, 2014","13.20","13.90","13.90","12.75","23.20K","-5.71%"
"Oct 30, 2014","13.70","13.90","13.90","13.50","3.50K","3.79%"
"Oct 31, 2014","13.50","13.70","13.70","13.50","15.00K","-1.46%"
"Nov 03, 2014","13.80","13.75","13.90","13.70","4.20K","2.22%"
"Nov 04, 2014","13.65","13.70","13.80","13.50","3.60K","-1.09%"
"Nov 05, 2014","13.00","13.40","13.50","13.00","42.20K","-4.76%"
"Nov 06, 2014","12.85","13.00","13.00","12.50","66.50K","-1.15%"
"Nov 07, 2014","12.95","13.00","13.50","12.40","15.30K","0.78%"
"Nov 10, 2014","12.65","12.80","12.90","11.70","18.20K","-2.32%"
"Nov 11, 2014","12.85","12.90","12.90","12.60","2.80K","1.58%"
"Nov 12, 2014","12.85","12.85","12.90","12.85","17.70K","0.00%"
"Nov 13, 2014","12.50","12.60","12.60","12.50","17.60K","-2.72%"
"Nov 14, 2014","12.55","12.60","13.00","12.20","25.10K","0.40%"
"Nov 17, 2014","12.25","11.75","13.45","11.75","2.30K","-2.39%"
"Nov 18, 2014","11.55","11.75","12.15","11.50","5.90K","-5.71%"
"Nov 19, 2014","12.70","12.70","12.70","12.70","2.30K","9.96%"
"Nov 20, 2014","13.75","12.70","13.90","12.70","44.10K","8.27%"
"Nov 21, 2014","14.00","14.00","14.40","13.00","9.80K","1.82%"
"Nov 24, 2014","13.95","13.85","14.10","13.85","2.70K","-0.36%"
"Nov 25, 2014","13.95","14.00","14.00","13.50","50.90K","0.00%"
"Nov 26, 2014","13.85","13.95","14.00","13.20","7.20K","-0.72%"
"Nov 27, 2014","13.20","13.95","13.95","12.80","5.00K","-4.69%"
"Nov 28, 2014","13.65","13.30","13.90","13.00","1.50K","3.41%"
"Dec 01, 2014","13.85","13.90","13.90","13.50","10.70K","1.47%"
"Dec 02, 2014","13.85","14.00","14.00","13.50","110.30K","0.00%"
"Dec 03, 2014","12.50","12.50","13.85","12.50","51.40K","-9.75%"
"Dec 04, 2014","12.85","13.00","13.00","12.55","17.40K","2.80%"
"Dec 05, 2014","13.00","13.50","13.65","12.80","23.30K","1.17%"
"Dec 08, 2014","12.80","12.50","13.75","12.50","4.90K","-1.54%"
"Dec 09, 2014","13.40","13.50","13.50","13.00","0.80K","4.69%"
"Dec 10, 2014","13.15","13.40","13.50","12.60","3.30K","-1.87%"
"Dec 11, 2014","13.10","13.00","13.20","13.00","14.10K","-0.38%"
"Dec 15, 2014","12.95","13.00","13.00","12.60","31.50K","-1.15%"
"Dec 16, 2014","12.80","12.55","12.95","12.55","2.70K","-1.16%"
"Dec 17, 2014","12.80","12.80","13.20","12.50","11.50K","0.00%"
"Dec 18, 2014","13.30","13.30","13.30","13.25","67.50K","3.91%"
"Dec 19, 2014","12.95","13.40","13.45","12.70","60.20K","-2.63%"
"Dec 22, 2014","12.90","12.80","13.60","12.70","14.20K","-0.39%"
"Dec 23, 2014","11.65","12.70","12.70","11.65","204.50K","-9.69%"
"Dec 24, 2014","11.95","12.80","12.80","11.80","9.40K","2.58%"
"Dec 29, 2014","12.75","12.90","13.00","12.50","23.00K","6.69%"
"Dec 30, 2014","12.60","12.80","13.00","12.50","24.10K","-1.18%"
"Dec 31, 2014","12.85","13.00","13.00","12.80","4.20K","1.98%"
"Jan 02, 2015","13.00","13.00","13.00","13.00","1.00K","1.17%"
"Jan 05, 2015","13.00","13.00","13.00","13.00","1.50K","0.00%"
"Jan 06, 2015","12.85","13.00","13.00","12.85","105.70K","-1.15%"
"Jan 07, 2015","12.95","12.65","13.00","12.65","7.40K","0.78%"
"Jan 08, 2015","12.95","13.00","13.00","12.80","10.50K","0.00%"
"Jan 09, 2015","12.80","12.70","12.95","12.70","2.00K","-1.16%"
"Jan 12, 2015","12.80","12.65","12.95","12.50","11.40K","0.00%"
"Jan 13, 2015","12.60","12.80","12.80","12.00","5.90K","-1.56%"
"Jan 14, 2015","12.90","13.00","13.00","12.80","106.70K","2.38%"
"Jan 15, 2015","12.95","13.00","13.00","12.80","45.10K","0.39%"
"Jan 16, 2015","12.50","12.80","12.80","11.80","34.90K","-3.47%"
"Jan 19, 2015","12.50","12.50","13.00","12.50","25.80K","0.00%"
"Jan 20, 2015","12.70","13.00","13.00","12.55","0.70K","1.60%"
"Jan 21, 2015","12.95","13.00","13.10","12.80","1.80K","1.97%"
"Jan 22, 2015","12.95","12.80","13.00","12.80","10.90K","0.00%"
"Jan 23, 2015","12.90","13.00","13.00","12.70","3.20K","-0.39%"
"Jan 26, 2015","12.90","12.95","13.00","12.90","3.40K","0.00%"
"Jan 27, 2015","12.95","12.95","13.65","12.70","28.40K","0.39%"
"Jan 28, 2015","13.00","13.00","13.40","12.55","34.10K","0.39%"
"Jan 29, 2015","12.85","13.00","13.35","12.55","12.50K","-1.15%"
"Jan 30, 2015","12.95","13.00","13.00","12.70","11.30K","0.78%"
"Feb 02, 2015","12.95","12.70","13.00","12.70","9.60K","0.00%"
"Feb 03, 2015","13.00","13.00","13.00","13.00","0.90K","0.39%"
"Feb 04, 2015","12.95","12.75","13.00","12.75","3.60K","-0.38%"
"Feb 05, 2015","13.05","13.00","13.10","13.00","10.60K","0.77%"
"Feb 06, 2015","13.05","13.10","13.50","12.70","9.40K","0.00%"
"Feb 09, 2015","13.40","13.00","14.00","13.00","15.30K","2.68%"
"Feb 10, 2015","13.75","13.50","14.00","13.30","9.40K","2.61%"
"Feb 11, 2015","13.65","14.00","14.00","13.50","3.80K","-0.73%"
"Feb 12, 2015","13.45","13.50","13.50","13.40","2.20K","-1.47%"
"Feb 16, 2015","13.50","13.45","14.00","13.20","21.50K","0.37%"
"Feb 17, 2015","14.40","13.85","14.75","13.30","77.20K","6.67%"
"Feb 18, 2015","15.05","14.40","15.80","14.10","35.80K","4.51%"
"Feb 19, 2015","15.35","15.00","15.50","15.00","44.30K","1.99%"
"Feb 20, 2015","15.00","15.05","15.30","15.00","37.00K","-2.28%"
"Feb 23, 2015","15.55","15.45","15.60","15.30","40.20K","3.67%"
"Feb 24, 2015","15.45","15.70","15.80","15.20","13.40K","-0.64%"
"Feb 25, 2015","15.25","15.20","15.45","15.20","8.30K","-1.29%"
"Feb 26, 2015","15.40","15.00","15.40","15.00","38.90K","0.98%"
"Feb 27, 2015","15.35","15.40","15.60","15.00","9.80K","-0.32%"
"Mar 02, 2015","15.50","14.50","15.60","14.50","94.40K","0.98%"
"Mar 03, 2015","15.40","15.60","15.60","15.40","64.00K","-0.65%"
"Mar 04, 2015","15.75","16.00","16.30","15.40","5.90K","2.27%"
"Mar 05, 2015","15.90","15.80","17.00","15.40","7.40K","0.95%"
"Mar 06, 2015","15.65","15.90","16.00","15.40","177.30K","-1.57%"
"Mar 09, 2015","15.70","15.60","15.95","15.60","1.90K","0.32%"
"Mar 10, 2015","15.60","15.95","15.95","15.60","16.60K","-0.64%"
"Mar 11, 2015","15.75","15.50","15.85","15.50","23.80K","0.96%"
"Mar 12, 2015","15.65","15.65","15.75","15.65","4.40K","-0.63%"
"Mar 13, 2015","15.60","15.80","15.80","15.00","4.50K","-0.32%"
"Mar 16, 2015","15.15","15.15","15.15","15.15","0.40K","-2.88%"
"Mar 17, 2015","13.70","13.70","15.00","13.65","5.80K","-9.57%"
"Mar 18, 2015","14.90","14.95","15.00","14.50","6.70K","8.76%"
"Mar 19, 2015","13.95","13.65","15.00","13.65","2.20K","-6.38%"
"Mar 20, 2015","13.75","13.75","14.00","13.65","12.10K","-1.43%"
"Mar 23, 2015","14.00","14.00","14.00","14.00","0.80K","1.82%"
"Mar 24, 2015","13.95","13.75","14.00","13.75","8.90K","-0.36%"
"Mar 25, 2015","14.00","14.00","14.50","13.75","9.10K","0.36%"
"Mar 26, 2015","13.70","13.75","13.75","13.65","38.50K","-2.14%"
"Mar 27, 2015","13.85","13.85","14.40","13.75","2.70K","1.09%"
"Mar 31, 2015","14.35","13.70","14.50","13.70","9.30K","3.61%"
"Apr 01, 2015","14.35","14.35","14.35","14.35","0.90K","0.00%"
"Apr 07, 2015","14.15","14.15","14.15","14.15","0.20K","-1.39%"
"Apr 08, 2015","15.10","14.35","15.55","14.15","113.00K","6.71%"
"Apr 09, 2015","16.50","14.35","16.60","14.35","133.90K","9.27%"
"Apr 10, 2015","17.05","16.50","17.50","16.50","40.30K","3.33%"
"Apr 13, 2015","17.00","17.00","17.50","16.75","40.10K","-0.29%"
"Apr 14, 2015","17.00","17.00","18.00","16.80","44.60K","0.00%"
"Apr 15, 2015","16.70","16.50","17.50","15.30","111.80K","-1.76%"
"Apr 16, 2015","16.05","16.00","16.70","16.00","13.00K","-3.89%"
"Apr 17, 2015","15.95","16.00","16.00","15.75","4.10K","-0.62%"
"Apr 20, 2015","15.50","15.50","16.50","15.00","7.50K","-2.82%"
"Apr 21, 2015","15.90","16.00","16.00","15.05","5.70K","2.58%"
"Apr 22, 2015","15.35","15.05","15.70","15.05","2.90K","-3.46%"
"Apr 23, 2015","15.75","15.05","16.00","15.05","18.10K","2.61%"
"Apr 24, 2015","16.00","15.35","16.50","15.35","21.40K","1.59%"
"Apr 27, 2015","16.25","16.50","16.50","16.00","17.80K","1.56%"
"Apr 28, 2015","16.45","16.50","16.50","16.00","18.20K","1.23%"
"Apr 29, 2015","16.45","16.45","16.50","16.45","8.70K","0.00%"
"Apr 30, 2015","16.45","16.45","16.50","16.45","13.70K","0.00%"
"May 04, 2015","16.35","16.45","16.50","16.05","95.90K","-0.61%"
"May 05, 2015","16.55","16.70","16.70","16.30","14.80K","1.22%"
"May 06, 2015","16.60","16.30","16.80","16.30","28.70K","0.30%"
"May 07, 2015","16.75","16.50","17.00","16.40","93.90K","0.90%"
"May 08, 2015","16.75","16.75","16.75","16.55","15.90K","0.00%"
"May 11, 2015","16.85","17.00","17.00","16.30","15.70K","0.60%"
"May 12, 2015","16.50","17.00","17.00","16.30","32.50K","-2.08%"
"May 13, 2015","16.10","16.50","16.50","15.00","108.20K","-2.42%"
"May 14, 2015","15.85","16.00","16.00","15.00","35.50K","-1.55%"
"May 15, 2015","16.15","15.05","16.50","15.05","1.70K","1.89%"
"May 18, 2015","15.45","16.15","17.00","15.15","4.20K","-4.33%"
"May 19, 2015","15.20","15.15","15.40","15.15","3.20K","-1.62%"
"May 20, 2015","15.45","15.40","16.50","15.15","3.90K","1.64%"
"May 21, 2015","15.50","15.50","15.50","15.50","0.50K","0.32%"
"May 22, 2015","15.95","15.50","16.50","15.50","54.20K","2.90%"
"May 25, 2015","15.50","15.50","15.50","15.50","1.70K","-2.82%"
"May 26, 2015","15.90","15.50","16.00","15.50","4.30K","2.58%"
"May 27, 2015","16.20","16.70","16.70","16.05","15.00K","1.89%"
"May 28, 2015","16.35","16.40","16.45","15.15","15.40K","0.93%"
"May 29, 2015","15.35","16.05","16.05","15.15","2.90K","-6.12%"
"Jun 02, 2015","16.30","16.40","16.50","16.00","5.60K","6.19%"
"Jun 03, 2015","15.95","16.50","16.50","15.35","5.40K","-2.15%"
"Jun 04, 2015","15.25","15.35","15.35","15.15","0.80K","-4.39%"
"Jun 05, 2015","15.95","15.25","16.00","15.25","20.10K","4.59%"
"Jun 08, 2015","15.95","15.90","16.00","15.90","2.00K","0.00%"
"Jun 09, 2015","15.80","15.90","15.90","15.50","1.40K","-0.94%"
"Jun 10, 2015","15.20","15.15","15.25","14.25","17.80K","-3.80%"
"Jun 11, 2015","14.65","15.20","15.85","14.30","5.20K","-3.62%"
"Jun 12, 2015","15.55","15.20","16.00","15.20","2.20K","6.14%"
"Jun 15, 2015","14.85","15.40","15.95","14.70","7.50K","-4.50%"
"Jun 16, 2015","15.00","15.95","15.95","15.00","4.00K","1.01%"
"Jun 17, 2015","15.15","15.00","15.20","15.00","7.00K","1.00%"
"Jun 18, 2015","15.55","15.55","15.55","15.55","1.00K","2.64%"
"Jun 19, 2015","15.80","15.80","15.95","15.80","103.80K","1.61%"
"Jun 22, 2015","15.35","15.55","15.55","15.00","5.80K","-2.85%"
"Jun 23, 2015","15.20","15.95","15.95","14.80","6.30K","-0.98%"
"Jun 24, 2015","15.90","15.80","16.00","15.00","27.60K","4.61%"
"Jun 25, 2015","16.00","16.00","16.00","16.00","12.00K","0.63%"
"Jun 26, 2015","16.45","16.25","16.50","16.25","60.40K","2.81%"
"Jun 29, 2015","16.85","17.00","17.00","16.00","6.00K","2.43%"
"Jun 30, 2015","16.45","16.45","16.50","16.10","34.90K","-2.37%"
"Jul 01, 2015","16.45","16.50","16.50","16.00","53.40K","0.00%"
"Jul 02, 2015","16.10","16.00","16.30","16.00","10.40K","-2.13%"
"Jul 03, 2015","16.45","16.05","16.50","16.05","19.50K","2.17%"
"Jul 06, 2015","16.25","16.45","16.45","16.15","3.40K","-1.22%"
"Jul 07, 2015","16.30","16.45","16.45","16.10","1.10K","0.31%"
"Jul 08, 2015","16.35","16.30","16.45","16.30","29.30K","0.31%"
"Jul 09, 2015","16.45","16.30","16.50","16.30","20.60K","0.61%"
"Jul 10, 2015","16.60","16.30","16.80","16.30","14.20K","0.91%"
"Jul 13, 2015","16.40","16.60","16.60","16.30","14.40K","-1.20%"
"Jul 14, 2015","16.30","16.60","16.60","16.30","2.00K","-0.61%"
"Jul 15, 2015","16.55","16.60","16.85","16.30","4.90K","1.53%"
"Jul 16, 2015","16.35","16.30","16.50","16.30","6.10K","-1.21%"
"Jul 17, 2015","16.50","16.55","16.55","16.40","0.90K","0.92%"
"Jul 20, 2015","16.20","16.20","16.20","16.15","2.60K","-1.82%"
"Jul 21, 2015","16.55","16.50","16.60","16.15","38.30K","2.16%"
"Jul 22, 2015","16.00","16.00","16.00","16.00","1.00K","-3.32%"
"Jul 23, 2015","15.75","16.20","16.20","15.70","1.20K","-1.56%"
"Jul 24, 2015","15.75","15.70","16.50","15.50","0.60K","0.00%"
"Jul 27, 2015","16.20","16.60","16.60","16.20","1.20K","2.86%"
"Jul 28, 2015","16.40","16.20","16.85","15.50","4.40K","1.23%"
"Jul 29, 2015","16.80","16.00","16.85","16.00","9.30K","2.44%"
"Jul 30, 2015","16.95","17.00","17.00","16.90","4.00K","0.89%"
"Jul 31, 2015","17.10","16.80","17.50","16.80","19.50K","0.88%"
"Aug 03, 2015","16.05","16.00","16.45","16.00","0.70K","-6.14%"
"Aug 04, 2015","16.00","16.00","16.00","15.75","19.90K","-0.31%"
"Aug 05, 2015","16.00","15.50","16.10","15.50","3.60K","0.00%"
"Aug 06, 2015","15.90","16.00","16.50","15.00","9.40K","-0.63%"
"Aug 07, 2015","16.10","16.10","16.10","16.10","0.10K","1.26%"
"Aug 10, 2015","16.10","16.10","16.10","16.10","7.00K","0.00%"
"Aug 11, 2015","15.00","15.05","16.10","15.00","629.50K","-6.83%"
"Aug 13, 2015","17.00","16.00","18.65","16.00","1.11M","13.33%"
"Aug 14, 2015","17.85","17.10","18.70","17.10","21.20K","5.00%"
"Aug 17, 2015","18.05","18.70","19.50","17.80","11.60K","1.12%"
"Aug 18, 2015","17.70","17.75","17.75","17.50","7.10K","-1.94%"
"Aug 19, 2015","17.65","17.70","17.75","17.30","6.30K","-0.28%"
"Aug 20, 2015","17.60","17.50","17.75","17.20","35.60K","-0.28%"
"Aug 21, 2015","17.45","17.50","17.65","17.40","97.00K","-0.85%"
"Aug 24, 2015","17.55","17.50","17.80","17.50","7.70K","0.57%"
"Aug 25, 2015","17.85","17.75","18.00","17.75","21.20K","1.71%"
"Aug 26, 2015","17.75","17.75","18.50","17.75","15.00K","-0.56%"
"Aug 27, 2015","17.85","19.50","19.50","17.75","13.90K","0.56%"
"Aug 28, 2015","17.85","17.80","17.95","17.70","26.90K","0.00%"
"Aug 31, 2015","17.60","17.90","18.00","17.10","28.40K","-1.40%"
"Sep 01, 2015","17.10","17.60","17.60","17.00","3.70K","-2.84%"
"Sep 02, 2015","16.50","16.50","16.50","16.50","3.80K","-3.51%"
"Sep 03, 2015","15.20","16.50","16.50","14.85","3.50K","-7.88%"
"Sep 07, 2015","15.20","15.20","15.20","15.20","3.40K","0.00%"
"Sep 08, 2015","15.05","15.20","15.20","15.00","20.50K","-0.99%"
"Sep 09, 2015","15.00","15.00","15.00","15.00","13.00K","-0.33%"
"Sep 10, 2015","15.00","15.00","15.00","15.00","100.10K","0.00%"
"Sep 11, 2015","15.00","15.00","15.00","15.00","1.30K","0.00%"
"Sep 14, 2015","14.95","15.00","15.00","14.00","9.80K","-0.33%"
"Sep 15, 2015","15.55","14.90","16.00","14.90","15.80K","4.01%"
"Sep 16, 2015","16.70","16.95","16.95","16.00","17.20K","7.40%"
"Sep 17, 2015","16.60","16.80","16.80","15.20","0.90K","-0.60%"
"Sep 18, 2015","16.30","16.80","16.80","16.10","3.70K","-1.81%"
"Sep 21, 2015","16.00","16.10","16.65","16.00","304.10K","-1.84%"
"Sep 22, 2015","15.95","16.45","16.50","15.10","52.40K","-0.31%"
"Sep 23, 2015","15.75","16.25","16.50","15.50","10.60K","-1.25%"
"Sep 24, 2015","15.95","15.95","15.95","15.95","0.40K","1.27%"
"Sep 25, 2015","15.95","15.95","16.00","15.95","0.60K","0.00%"
"Sep 28, 2015","15.85","15.95","16.00","15.00","19.00K","-0.63%"
"Sep 29, 2015","16.35","15.05","16.50","15.05","32.20K","3.15%"
"Oct 01, 2015","15.50","15.30","16.00","15.30","427.70K","-5.20%"
"Oct 02, 2015","16.25","16.00","16.50","16.00","7.90K","4.84%"
"Oct 05, 2015","15.00","14.90","16.00","14.90","3.60K","-7.69%"
"Oct 07, 2015","16.00","16.00","16.45","16.00","597.00K","6.67%"
"Oct 08, 2015","16.00","16.00","16.10","16.00","2.70K","0.00%"
"Oct 09, 2015","16.10","16.00","17.00","16.00","184.10K","0.63%"
"Oct 12, 2015","16.95","17.70","17.70","16.15","15.60K","5.28%"
"Oct 13, 2015","16.80","16.90","17.50","16.15","1.50K","-0.88%"
"Oct 14, 2015","16.20","16.25","16.25","16.15","23.20K","-3.57%"
"Oct 15, 2015","16.25","16.25","16.95","16.25","31.50K","0.31%"
"Oct 16, 2015","16.45","16.20","16.50","16.20","11.10K","1.23%"
"Oct 19, 2015","16.15","16.15","16.15","16.15","0.30K","-1.82%"
"Oct 21, 2015","16.15","16.15","16.15","16.15","0.40K","0.00%"
"Oct 22, 2015","16.45","16.15","16.50","16.15","11.00K","1.86%"
"Oct 23, 2015","16.85","16.50","17.00","16.50","33.30K","2.43%"
"Oct 26, 2015","16.45","16.45","16.45","16.45","1.30K","-2.37%"
"Oct 27, 2015","16.45","16.10","16.50","16.00","7.30K","0.00%"
"Oct 28, 2015","16.45","16.50","16.50","16.10","3.30K","0.00%"
"Oct 29, 2015","15.80","16.45","16.45","15.10","11.90K","-3.95%"
"Oct 30, 2015","15.65","15.00","16.45","15.00","6.20K","-0.95%"
"Nov 02, 2015","16.40","16.45","16.50","15.50","7.20K","4.79%"
"Nov 03, 2015","16.00","16.00","16.00","16.00","2.00K","-2.44%"
"Nov 04, 2015","16.00","16.00","16.00","16.00","1.00K","0.00%"
"Nov 05, 2015","16.00","16.00","16.60","16.00","3.00K","0.00%"
"Nov 06, 2015","16.15","16.60","16.60","16.00","13.40K","0.94%"
"Nov 09, 2015","15.65","16.20","16.20","15.50","0.40K","-3.10%"
"Nov 10, 2015","16.20","16.20","16.20","16.20","0.30K","3.51%"
"Nov 11, 2015","16.70","16.50","16.75","16.50","52.00K","3.09%"
"Nov 12, 2015","17.40","16.75","17.50","16.70","59.80K","4.19%"
"Nov 13, 2015","17.95","18.00","18.00","17.50","29.80K","3.16%"
"Nov 16, 2015","18.00","17.50","18.00","17.50","73.00K","0.28%"
"Nov 17, 2015","18.40","18.00","18.50","17.50","71.50K","2.22%"
"Nov 18, 2015","17.65","18.00","18.00","17.50","5.10K","-4.08%"
"Nov 19, 2015","18.00","18.00","18.00","18.00","6.80K","1.98%"
"Nov 20, 2015","18.00","18.00","18.00","18.00","0.40K","0.00%"
"Nov 23, 2015","17.95","17.00","18.00","16.50","49.20K","-0.28%"
"Nov 24, 2015","18.00","17.95","18.00","17.70","269.80K","0.28%"
"Nov 25, 2015","18.00","18.00","18.00","18.00","2.10K","0.00%"
"Nov 27, 2015","18.00","18.00","18.00","18.00","2.90K","0.00%"
"Nov 30, 2015","18.55","18.00","19.00","18.00","7.50K","3.06%"
"Dec 01, 2015","16.90","17.00","17.50","16.70","2.00K","-8.89%"
"Dec 02, 2015","17.95","18.00","18.00","17.70","10.30K","6.21%"
"Dec 03, 2015","17.90","17.95","17.95","17.90","1.00K","-0.28%"
"Dec 04, 2015","17.50","17.50","17.50","17.50","0.10K","-2.23%"
"Dec 07, 2015","17.90","17.90","18.00","17.80","4.90K","2.29%"
"Dec 08, 2015","18.85","18.00","19.00","18.00","3.40K","5.31%"
"Dec 09, 2015","18.85","17.55","19.00","17.55","139.80K","0.00%"
"Dec 10, 2015","18.95","18.05","19.00","18.05","58.50K","0.53%"
"Dec 11, 2015","18.90","17.90","20.00","17.90","2.40K","-0.26%"
"Dec 14, 2015","18.85","18.00","19.50","18.00","14.00K","-0.26%"
"Dec 15, 2015","19.05","18.50","19.90","18.45","7.90K","1.06%"
"Dec 16, 2015","20.25","20.00","20.75","20.00","173.10K","6.30%"
"Dec 17, 2015","20.75","20.75","22.25","20.50","62.20K","2.47%"
"Dec 18, 2015","20.75","20.75","21.00","20.75","11.70K","0.00%"
"Dec 21, 2015","22.50","22.75","22.75","21.50","883.30K","8.43%"
"Dec 22, 2015","21.00","22.75","22.75","20.50","34.90K","-6.67%"
"Dec 23, 2015","20.50","22.50","22.50","20.50","44.00K","-2.38%"
"Dec 24, 2015","21.50","20.25","22.50","20.25","19.00K","4.88%"
"Dec 28, 2015","20.50","20.00","22.00","20.00","2.70K","-4.65%"
"Dec 29, 2015","20.50","20.25","21.00","20.25","2.10K","0.00%"
"Dec 30, 2015","19.55","20.50","20.50","18.50","2.10K","-4.63%"
"Jan 04, 2016","19.50","19.50","19.50","19.50","0.70K","-0.26%"
"Jan 05, 2016","17.95","20.00","20.00","17.60","6.70K","-7.95%"
"Jan 06, 2016","17.05","18.00","18.00","16.80","8.50K","-5.01%"
"Jan 07, 2016","18.75","18.75","18.75","18.75","1.00K","9.97%"
"Jan 08, 2016","17.85","17.90","17.90","17.50","25.40K","-4.80%"
"Jan 11, 2016","17.20","17.50","17.50","17.05","5.70K","-3.64%"
"Jan 12, 2016","17.45","17.85","17.85","17.45","3.60K","1.45%"
"Jan 13, 2016","17.45","17.50","17.50","17.20","11.00K","0.00%"
"Jan 14, 2016","17.45","17.50","17.50","17.45","1.10K","0.00%"
"Jan 15, 2016","17.45","17.50","17.80","17.45","72.70K","0.00%"
"Jan 18, 2016","17.90","17.45","19.10","17.30","3.50K","2.58%"
"Jan 19, 2016","18.85","19.05","19.10","18.00","6.60K","5.31%"
"Jan 20, 2016","19.70","18.00","20.00","18.00","83.00K","4.51%"
"Jan 21, 2016","20.25","21.00","21.00","19.00","22.00K","2.79%"
"Jan 22, 2016","20.50","20.00","22.00","19.75","35.40K","1.23%"
"Jan 25, 2016","21.25","22.00","22.00","21.00","188.00K","3.66%"
"Jan 26, 2016","22.75","23.00","23.00","20.00","93.00K","7.06%"
"Jan 27, 2016","22.75","21.00","23.25","21.00","43.60K","0.00%"
"Jan 28, 2016","22.50","23.00","23.00","20.50","63.00K","-1.10%"
"Jan 29, 2016","21.00","22.00","22.00","21.00","1.30K","-6.67%"
"Feb 01, 2016","20.25","20.50","20.50","20.00","3.70K","-3.57%"
"Feb 02, 2016","20.00","20.50","21.00","20.00","4.00K","-1.23%"
"Feb 03, 2016","19.60","20.00","20.00","19.05","3.60K","-2.00%"
"Feb 04, 2016","18.30","20.00","20.00","18.10","2.20K","-6.63%"
"Feb 05, 2016","20.00","20.00","20.00","20.00","3.50K","9.29%"
"Feb 08, 2016","19.65","20.00","20.00","19.50","2.00K","-1.75%"
"Feb 09, 2016","19.95","20.00","20.00","19.80","7.00K","1.53%"
"Feb 10, 2016","20.00","20.00","20.50","20.00","20.20K","0.25%"
"Feb 11, 2016","19.95","20.00","20.00","19.80","6.90K","-0.25%"
"Feb 12, 2016","20.00","20.00","20.00","19.95","67.40K","0.25%"
"Feb 15, 2016","19.50","20.00","20.00","19.50","1.45M","-2.50%"
"Feb 16, 2016","19.75","19.75","19.75","19.50","58.40K","1.28%"
"Feb 17, 2016","19.50","19.55","19.75","19.50","10.10K","-1.27%"
"Feb 18, 2016","19.45","19.00","19.75","19.00","70.40K","-0.26%"
"Feb 19, 2016","19.50","19.75","20.00","19.05","307.00K","0.26%"
"Feb 22, 2016","19.80","19.00","21.00","17.80","235.70K","1.54%"
"Feb 23, 2016","20.50","21.00","21.50","19.85","5.70K","3.54%"
"Feb 24, 2016","21.25","18.45","21.75","18.45","70.20K","3.66%"
"Feb 25, 2016","19.80","21.00","21.00","19.15","10.50K","-6.82%"
"Feb 26, 2016","19.30","20.00","20.00","19.15","18.30K","-2.53%"
"Feb 29, 2016","18.30","18.55","20.00","18.00","16.50K","-5.18%"
"Mar 01, 2016","19.30","18.50","20.00","18.50","21.20K","5.46%"
"Mar 02, 2016","19.35","19.50","19.50","18.55","5.10K","0.26%"
"Mar 03, 2016","19.75","20.00","20.00","18.65","20.50K","2.07%"
"Mar 04, 2016","20.00","20.00","20.00","20.00","1.00K","1.27%"
"Mar 07, 2016","19.15","18.55","20.75","18.55","1.10K","-4.25%"
"Mar 08, 2016","19.25","19.30","19.50","18.60","2.00K","0.52%"
"Mar 09, 2016","19.50","18.65","20.00","18.65","14.20K","1.30%"
"Mar 10, 2016","20.00","19.00","21.00","19.00","88.70K","2.56%"
"Mar 11, 2016","20.00","20.00","21.25","19.00","27.20K","0.00%"
"Mar 14, 2016","21.75","19.15","22.00","18.70","525.70K","8.75%"
"Mar 15, 2016","20.50","21.00","21.00","20.00","0.20K","-5.75%"
"Mar 16, 2016","20.25","20.00","21.00","18.70","24.40K","-1.22%"
"Mar 17, 2016","19.65","20.00","20.00","19.50","6.80K","-2.96%"
"Mar 18, 2016","19.30","18.80","19.70","18.80","2.90K","-1.78%"
"Mar 21, 2016","19.80","19.05","20.00","19.05","21.20K","2.59%"
"Mar 22, 2016","19.35","19.30","19.50","19.30","5.50K","-2.27%"
"Mar 23, 2016","19.35","19.80","19.80","19.35","7.30K","0.00%"
"Mar 24, 2016","19.55","19.35","20.50","19.35","11.70K","1.03%"
"Mar 29, 2016","20.00","19.10","20.75","19.10","4.40K","2.30%"
"Mar 30, 2016","20.00","20.00","20.50","20.00","26.50K","0.00%"
"Mar 31, 2016","19.20","19.00","20.00","18.80","7.60K","-4.00%"
"Apr 01, 2016","19.00","20.00","20.00","19.00","5.50K","-1.04%"
"Apr 04, 2016","19.15","19.20","19.20","19.00","6.20K","0.79%"
"Apr 05, 2016","19.00","19.00","19.00","19.00","5.10K","-0.78%"
"Apr 06, 2016","19.85","19.00","20.50","19.00","1.40K","4.47%"
"Apr 07, 2016","20.00","20.00","20.50","19.00","18.00K","0.76%"
"Apr 08, 2016","19.35","20.00","20.00","18.90","14.30K","-3.25%"
"Apr 11, 2016","18.85","18.90","18.90","18.55","3.20K","-2.58%"
"Apr 12, 2016","18.55","18.55","18.55","18.55","0.20K","-1.59%"
"Apr 13, 2016","18.55","18.90","18.90","18.50","6.90K","0.00%"
"Apr 14, 2016","18.90","18.90","18.90","18.90","5.80K","1.89%"
"Apr 15, 2016","18.70","18.90","18.90","18.50","3.20K","-1.06%"
"Apr 18, 2016","18.50","18.50","18.65","18.50","3.20K","-1.07%"
"Apr 19, 2016","18.50","18.90","18.90","18.50","2.40K","0.00%"
"Apr 20, 2016","18.60","18.50","18.70","18.50","2.40K","0.54%"
"Apr 21, 2016","18.55","18.90","18.90","18.55","1.30K","-0.27%"
"Apr 22, 2016","18.60","18.65","18.65","18.55","47.40K","0.27%"
"Apr 25, 2016","18.60","18.65","18.65","18.50","3.40K","0.00%"
"Apr 26, 2016","18.50","18.50","18.60","18.50","16.00K","-0.54%"
"Apr 27, 2016","18.30","18.00","18.30","18.00","500.50K","-1.08%"
"Apr 28, 2016","17.20","17.50","18.30","17.00","2.50K","-6.01%"
"Apr 29, 2016","18.45","17.50","18.80","17.50","5.10K","7.27%"
"May 03, 2016","18.55","18.45","18.60","18.45","1.70K","0.54%"
"May 04, 2016","17.65","18.50","18.50","17.55","4.30K","-4.85%"
"May 05, 2016","18.50","18.50","18.50","18.50","0.30K","4.82%"
"May 06, 2016","17.50","18.00","18.00","17.50","8.20K","-5.41%"
"May 09, 2016","17.60","17.60","17.60","17.60","2.30K","0.57%"
"May 10, 2016","18.30","18.00","18.50","18.00","2.80K","3.98%"
"May 11, 2016","18.00","18.00","18.00","18.00","2.00K","-1.64%"
"May 12, 2016","18.05","18.05","18.10","18.05","3.30K","0.28%"
"May 13, 2016","18.25","18.05","18.50","18.05","2.30K","1.11%"
"May 16, 2016","18.15","18.25","18.30","18.10","36.40K","-0.55%"
"May 17, 2016","18.15","18.15","18.15","18.15","19.00K","0.00%"
"May 18, 2016","18.25","18.15","18.50","18.15","7.50K","0.55%"
"May 19, 2016","18.30","18.30","18.30","18.30","4.60K","0.27%"
"May 24, 2016","18.50","18.50","18.55","18.30","119.00K","1.09%"
"May 25, 2016","18.30","18.30","18.55","17.80","7.40K","-1.08%"
"May 26, 2016","17.90","18.00","18.50","17.05","2.30K","-2.19%"
"May 27, 2016","18.40","18.45","18.75","18.40","15.10K","2.79%"
"May 30, 2016","18.85","18.50","19.00","18.50","15.10K","2.45%"
"May 31, 2016","18.85","18.50","19.00","18.50","10.10K","0.00%"
"Jun 02, 2016","18.65","18.55","18.85","18.55","2.20K","-1.06%"
"Jun 03, 2016","18.85","18.55","19.00","18.55","9.30K","1.07%"
"Jun 06, 2016","19.65","19.00","19.75","19.00","1.65M","4.24%"
"Jun 07, 2016","19.75","19.75","19.75","19.75","1.40K","0.51%"
"Jun 08, 2016","20.75","19.75","21.00","19.75","101.50K","5.06%"
"Jun 09, 2016","21.00","20.00","21.75","19.75","564.40K","1.20%"
"Jun 10, 2016","20.75","20.00","21.00","20.00","34.60K","-1.19%"
"Jun 13, 2016","20.50","20.50","20.50","20.50","1.00K","-1.20%"
"Jun 14, 2016","20.50","20.50","20.75","20.50","6.70K","0.00%"
"Jun 15, 2016","20.50","20.50","21.00","20.50","16.90K","0.00%"
"Jun 16, 2016","21.50","21.00","21.75","20.75","7.10K","4.88%"
"Jun 17, 2016","21.50","21.50","21.75","21.50","9.60K","0.00%"
"Jun 20, 2016","21.75","21.75","21.75","21.75","2.20K","1.16%"
"Jun 21, 2016","21.75","21.75","22.00","21.50","56.70K","0.00%"
"Jun 22, 2016","21.75","21.75","22.00","21.50","19.10K","0.00%"
"Jun 23, 2016","22.00","21.75","22.50","21.75","10.00K","1.15%"
"Jun 24, 2016","21.75","22.00","22.00","21.75","15.10K","-1.14%"
"Jun 27, 2016","21.75","21.75","21.75","21.75","411.30K","0.00%"
"Jun 28, 2016","20.50","21.75","21.75","20.50","0.90K","-5.75%"
"Jun 29, 2016","20.50","20.50","20.50","20.50","6.40K","0.00%"
"Jun 30, 2016","20.00","20.00","20.50","20.00","1.10K","-2.44%"
"Jul 01, 2016","21.50","21.00","21.75","19.15","9.60K","7.50%"
"Jul 04, 2016","20.00","20.00","20.00","20.00","0.10K","-6.98%"
"Jul 05, 2016","20.75","20.00","21.50","20.00","3.10K","3.75%"
"Jul 06, 2016","20.50","20.00","21.00","20.50","6.20K","-1.20%"
"Jul 08, 2016","21.25","21.25","21.50","21.00","9.60K","3.66%"
"Jul 11, 2016","21.00","21.25","21.75","21.00","5.60K","-1.18%"
"Jul 12, 2016","21.50","21.00","21.75","21.00","262.20K","2.38%"
"Jul 13, 2016","21.50","21.25","21.75","21.25","3.40K","0.00%"
"Jul 14, 2016","22.00","22.00","22.00","21.75","8.70K","2.33%"
"Jul 15, 2016","22.00","22.00","22.00","22.00","3.30K","0.00%"
"Jul 18, 2016","21.00","22.00","22.50","21.00","508.20K","-4.55%"
"Jul 19, 2016","22.00","22.00","22.00","22.00","0.90K","4.76%"
"Jul 20, 2016","20.75","21.00","21.00","20.75","3.30K","-5.68%"
"Jul 21, 2016","21.00","21.00","21.00","21.00","2.40K","1.20%"
"Jul 25, 2016","20.75","21.00","21.25","20.00","66.60K","-1.19%"
"Jul 26, 2016","20.50","20.50","20.50","20.50","0.50K","-1.20%"
"Jul 27, 2016","19.10","19.30","20.75","19.00","6.70K","-6.83%"
"Jul 28, 2016","20.50","20.75","20.75","20.50","0.40K","7.33%"
"Jul 29, 2016","20.00","19.10","20.50","19.10","3.00K","-2.44%"
"Aug 02, 2016","19.05","19.10","19.10","19.05","0.60K","-4.75%"
"Aug 03, 2016","19.10","19.15","19.15","19.05","7.30K","0.26%"
"Aug 05, 2016","19.00","19.10","19.10","19.00","0.70K","-0.52%"
"Aug 08, 2016","18.55","19.00","19.00","18.55","3.30K","-2.37%"
"Aug 09, 2016","19.05","18.65","20.25","18.65","2.50K","2.70%"
"Aug 10, 2016","19.15","19.20","20.00","18.60","8.10K","0.52%"
"Aug 11, 2016","19.05","19.10","19.10","19.00","0.40K","-0.52%"
"Aug 12, 2016","19.50","19.50","19.50","19.50","2.00K","2.36%"
"Aug 15, 2016","19.05","19.05","19.05","19.05","0.40K","-2.31%"
"Aug 16, 2016","19.15","19.10","20.50","18.80","7.70K","0.52%"
"Aug 17, 2016","20.50","20.50","20.50","20.50","0.70K","7.05%"
"Aug 18, 2016","19.00","19.10","19.10","18.85","10.70K","-7.32%"
"Aug 19, 2016","19.00","18.80","19.05","18.80","14.00K","0.00%"
"Aug 22, 2016","19.50","19.50","19.50","19.50","0.10K","2.63%"
"Aug 23, 2016","18.95","18.80","19.00","18.80","2.00K","-2.82%"
"Aug 24, 2016","20.00","20.00","20.00","20.00","0.20K","5.54%"
"Aug 25, 2016","19.00","19.00","19.00","19.00","1.70K","-5.00%"
"Aug 29, 2016","18.80","18.80","18.80","18.80","0.10K","-1.05%"
"Aug 30, 2016","18.50","18.80","18.80","18.05","5.60K","-1.60%"
"Aug 31, 2016","18.55","18.50","20.00","18.20","12.50K","0.27%"
"Sep 01, 2016","18.35","18.10","20.00","18.10","2.40K","-1.08%"
"Sep 02, 2016","18.95","18.30","19.00","18.30","22.90K","3.27%"
"Sep 05, 2016","18.30","18.35","18.95","18.05","9.80K","-3.43%"
"Sep 06, 2016","18.10","18.10","18.10","18.10","0.60K","-1.09%"
"Sep 07, 2016","18.05","18.10","18.10","18.05","1.10K","-0.28%"
"Sep 08, 2016","18.05","18.10","18.10","18.05","1.80K","0.00%"
"Sep 09, 2016","18.05","18.05","18.05","18.05","1.00K","0.00%"
"Sep 13, 2016","18.65","18.75","18.75","18.50","7.60K","3.32%"
"Sep 14, 2016","18.55","18.50","18.75","18.50","3.60K","-0.54%"
"Sep 15, 2016","18.20","18.50","18.50","18.10","2.70K","-1.89%"
"Sep 16, 2016","17.30","18.10","18.55","16.70","18.40K","-4.95%"
"Sep 19, 2016","18.10","18.25","18.65","16.00","26.60K","4.62%"
"Sep 20, 2016","17.65","17.90","17.90","16.30","11.00K","-2.49%"
"Sep 21, 2016","16.70","16.50","18.00","16.50","2.50K","-5.38%"
"Sep 22, 2016","16.70","16.50","18.00","16.50","7.50K","0.00%"
"Sep 23, 2016","17.90","17.90","17.90","17.90","0.10K","7.19%"
"Sep 26, 2016","18.00","18.30","18.30","16.85","77.30K","0.56%"
"Sep 27, 2016","18.70","18.00","19.00","17.50","15.40K","3.89%"
"Sep 28, 2016","18.35","17.50","19.00","17.50","5.30K","-1.87%"
"Sep 30, 2016","18.05","18.70","18.70","17.65","0.40K","-1.63%"
"Oct 03, 2016","18.45","18.50","18.70","17.70","53.40K","2.22%"
"Oct 04, 2016","18.45","18.45","18.90","18.45","26.50K","0.00%"
"Oct 05, 2016","18.10","18.50","18.50","18.00","0.40K","-1.90%"
"Oct 06, 2016","18.00","18.40","18.50","17.80","259.50K","-0.55%"
"Oct 07, 2016","18.00","18.00","18.00","18.00","1.50K","0.00%"
"Oct 10, 2016","17.95","18.00","18.00","17.90","39.40K","-0.28%"
"Oct 11, 2016","17.90","17.90","18.00","17.90","9.30K","-0.28%"
"Oct 12, 2016","17.55","17.55","17.65","17.55","7.30K","-1.96%"
"Oct 13, 2016","17.55","17.60","17.60","17.55","12.90K","0.00%"
"Oct 14, 2016","18.60","18.00","19.30","18.00","1.90K","5.98%"
"Oct 17, 2016","18.10","18.35","18.35","18.10","4.30K","-2.69%"
"Oct 18, 2016","17.95","17.60","18.00","17.60","95.50K","-0.83%"
"Oct 19, 2016","19.35","18.50","19.70","18.50","10.10K","7.80%"
"Oct 21, 2016","18.50","19.00","20.25","18.50","21.00K","-4.39%"
"Oct 24, 2016","18.15","19.00","19.00","18.00","16.20K","-1.89%"
"Oct 25, 2016","18.45","19.95","19.95","18.00","29.80K","1.65%"
"Oct 26, 2016","18.80","18.80","18.80","18.80","0.10K","1.90%"
"Oct 27, 2016","18.80","18.80","18.80","18.80","0.10K","0.00%"
"Oct 28, 2016","18.90","20.25","20.25","18.50","33.20K","0.53%"
"Oct 31, 2016","19.15","19.75","19.75","19.00","1.30K","1.32%"
"Nov 01, 2016","19.75","19.00","20.00","19.00","15.10K","3.13%"
"Nov 02, 2016","19.60","19.20","20.00","19.00","2.70K","-0.76%"
"Nov 03, 2016","20.00","20.00","20.00","20.00","0.10K","2.04%"
"Nov 04, 2016","19.70","20.25","20.25","19.60","7.60K","-1.50%"
"Nov 07, 2016","20.00","20.25","20.25","20.00","1.30K","1.52%"
"Nov 08, 2016","19.60","20.00","20.00","19.50","3.60K","-2.00%"
"Nov 09, 2016","18.80","18.85","18.85","18.80","1.60K","-4.08%"
"Nov 10, 2016","19.50","19.50","20.00","19.50","6.30K","3.72%"
"Nov 11, 2016","20.25","18.90","20.50","18.90","3.60K","3.85%"
"Nov 14, 2016","19.30","18.60","20.25","18.45","18.40K","-4.69%"
"Nov 15, 2016","18.60","19.50","19.50","18.55","1.10K","-3.63%"
"Nov 16, 2016","18.75","19.00","19.00","18.50","6.40K","0.81%"
"Nov 17, 2016","20.00","18.75","20.25","18.75","16.10K","6.67%"
"Nov 18, 2016","19.70","19.00","20.00","19.00","8.20K","-1.50%"
"Nov 22, 2016","19.05","19.35","19.35","19.00","1.30K","-3.30%"
"Nov 23, 2016","18.75","18.75","20.00","18.75","19.30K","-1.57%"
"Nov 24, 2016","18.90","18.75","20.00","18.75","2.50K","0.80%"
"Nov 25, 2016","18.20","18.20","18.20","18.20","0.60K","-3.70%"
"Nov 28, 2016","18.10","18.20","18.20","17.75","0.70K","-0.55%"
"Nov 29, 2016","19.65","19.50","19.90","19.50","16.70K","8.56%"
"Nov 30, 2016","18.90","20.00","20.00","18.50","0.70K","-3.82%"
"Dec 01, 2016","19.60","18.50","19.90","18.50","20.60K","3.70%"
"Dec 02, 2016","19.75","19.80","19.80","19.60","1.20K","0.77%"
"Dec 05, 2016","18.90","18.00","19.00","18.00","10.70K","-4.30%"
"Dec 06, 2016","18.10","18.00","19.60","18.00","4.20K","-4.23%"
"Dec 07, 2016","18.00","18.00","18.00","18.00","3.00K","-0.55%"
"Dec 08, 2016","18.05","18.10","18.10","18.05","0.80K","0.28%"
"Dec 09, 2016","18.00","18.10","18.10","18.00","1.00K","-0.28%"
"Dec 13, 2016","18.15","18.05","19.80","18.05","9.30K","0.83%"
"Dec 14, 2016","19.40","18.05","19.80","18.05","7.00K","6.89%"
"Dec 15, 2016","18.70","18.10","19.80","18.05","2.60K","-3.61%"
"Dec 16, 2016","17.95","18.10","18.10","17.85","5.50K","-4.01%"
"Dec 19, 2016","17.15","17.95","17.95","16.90","6.70K","-4.46%"
"Dec 20, 2016","17.85","17.95","17.95","17.60","5.20K","4.08%"
"Dec 21, 2016","17.95","17.90","18.05","17.90","2.80K","0.56%"
"Dec 22, 2016","18.45","18.10","19.60","18.10","0.40K","2.79%"
"Dec 23, 2016","18.40","18.40","18.40","18.40","5.90K","-0.27%"
"Dec 28, 2016","19.40","18.50","20.00","18.50","1.60K","5.43%"
"Dec 29, 2016","20.50","19.30","21.00","19.30","14.10K","5.67%"
"Dec 30, 2016","19.20","21.75","21.75","19.00","19.80K","-6.34%"
"Jan 03, 2017","19.90","20.00","21.00","19.20","4.90K","3.65%"
"Jan 04, 2017","19.85","20.00","21.00","19.50","3.40K","-0.25%"
"Jan 05, 2017","20.25","21.00","21.00","20.00","1.00K","2.02%"
"Jan 06, 2017","20.75","21.00","21.00","19.50","69.90K","2.47%"
"Jan 09, 2017","20.25","20.00","20.75","20.00","1.10K","-2.41%"
"Jan 10, 2017","19.85","20.75","20.75","19.50","4.30K","-1.98%"
"Jan 11, 2017","19.45","19.50","19.50","19.00","7.60K","-2.02%"
"Jan 12, 2017","20.00","20.00","20.00","20.00","1.10K","2.83%"
"Jan 13, 2017","18.25","19.50","19.50","17.90","1.40K","-8.75%"
"Jan 16, 2017","18.20","19.40","19.40","18.00","0.60K","-0.27%"
"Jan 17, 2017","17.50","17.55","17.55","17.50","2.50K","-3.85%"
"Jan 18, 2017","18.20","18.20","18.20","18.20","0.80K","4.00%"
"Jan 20, 2017","17.70","18.20","18.20","17.50","1.50K","-2.75%"
"Jan 23, 2017","17.45","19.40","19.40","17.00","0.50K","-1.41%"
"Jan 24, 2017","17.55","19.00","19.10","17.50","12.60K","0.57%"
"Jan 25, 2017","17.60","18.00","18.00","17.50","2.30K","0.28%"
"Jan 26, 2017","17.50","17.60","17.60","17.50","93.30K","-0.57%"
"Jan 27, 2017","17.60","17.60","18.00","17.60","9.60K","0.57%"
"Jan 30, 2017","17.60","17.85","17.85","17.60","19.40K","0.00%"
"Jan 31, 2017","18.00","18.00","18.00","18.00","1.30K","2.27%"
"Feb 01, 2017","18.65","19.00","19.00","18.50","0.30K","3.61%"
"Feb 02, 2017","19.00","19.00","19.00","19.00","0.20K","1.88%"
"Feb 03, 2017","19.20","19.20","19.20","19.20","1.00K","1.05%"
"Feb 06, 2017","17.80","18.10","18.10","17.60","0.50K","-7.29%"
"Feb 07, 2017","17.80","18.50","18.50","17.65","4.50K","0.00%"
"Feb 08, 2017","18.50","17.60","19.40","17.60","317.70K","3.93%"
"Feb 09, 2017","20.00","19.50","20.00","18.50","274.80K","8.11%"
"Feb 10, 2017","19.95","20.25","20.25","19.50","51.80K","-0.25%"
"Feb 14, 2017","19.35","19.60","19.60","19.00","40.20K","-3.01%"
"Feb 15, 2017","19.90","19.00","20.25","19.00","66.70K","2.84%"
"Feb 16, 2017","20.00","20.50","20.50","20.00","77.40K","0.50%"
"Feb 17, 2017","18.65","20.00","20.00","18.50","9.00K","-6.75%"
"Feb 20, 2017","19.85","20.50","20.50","18.60","3.40K","6.43%"
"Feb 21, 2017","21.00","20.00","21.25","18.60","54.10K","5.79%"
"Feb 22, 2017","20.75","22.00","22.00","20.75","100.20K","-1.19%"
"Feb 23, 2017","20.50","21.00","21.75","20.25","1.00K","-1.20%"
"Feb 24, 2017","20.75","20.50","21.00","20.50","6.80K","1.22%"
"Feb 27, 2017","20.50","21.25","21.25","20.00","2.20K","-1.20%"
"Feb 28, 2017","20.00","20.00","20.00","20.00","0.30K","-2.44%"
"Mar 01, 2017","18.60","18.60","18.60","18.60","0.20K","-7.00%"
"Mar 02, 2017","19.00","19.00","19.00","19.00","10.00K","2.15%"
"Mar 06, 2017","20.25","20.25","20.75","20.25","30.10K","6.58%"
"Mar 07, 2017","20.75","20.00","21.25","20.00","31.60K","2.47%"
"Mar 08, 2017","20.25","20.25","20.25","20.25","7.00K","-2.41%"
"Mar 09, 2017","20.75","20.50","21.00","20.50","32.80K","2.47%"
"Mar 10, 2017","20.25","20.50","20.50","20.25","0.40K","-2.41%"
"Mar 13, 2017","20.75","20.75","20.75","19.60","110.00K","2.47%"
"Mar 14, 2017","21.25","21.00","22.00","20.00","207.50K","2.41%"
"Mar 15, 2017","21.25","22.00","22.00","21.00","12.10K","0.00%"
"Mar 16, 2017","21.50","21.50","22.00","20.75","12.70K","1.18%"
"Mar 17, 2017","21.75","22.00","22.00","20.75","78.70K","1.16%"
"Mar 20, 2017","21.75","22.00","22.00","21.75","0.40K","0.00%"
"Mar 21, 2017","22.00","22.50","22.50","20.00","4.20K","1.15%"
"Mar 22, 2017","21.75","21.75","22.00","21.75","1.30K","-1.14%"
"Mar 23, 2017","23.50","22.50","23.75","22.50","47.40K","8.05%"
"Mar 24, 2017","22.50","23.50","24.00","22.50","12.20K","-4.26%"
"Mar 27, 2017","22.75","23.00","23.00","22.50","9.50K","1.11%"
"Mar 28, 2017","23.75","23.00","24.00","23.00","31.20K","4.40%"
"Mar 29, 2017","24.25","26.00","26.00","24.00","2.10K","2.11%"
"Mar 30, 2017","24.25","24.25","24.25","24.25","17.20K","0.00%"
"Mar 31, 2017","26.00","25.00","26.50","25.00","96.80K","7.22%"
"Apr 03, 2017","25.75","23.75","26.50","23.75","4.30K","-0.96%"
"Apr 04, 2017","25.50","24.00","26.00","23.75","18.50K","-0.97%"
"Apr 05, 2017","26.00","26.00","26.00","25.75","5.80K","1.96%"
"Apr 06, 2017","24.25","25.50","25.50","24.00","1.70K","-6.73%"
"Apr 07, 2017","24.25","25.00","25.50","24.00","20.30K","0.00%"
"Apr 10, 2017","25.50","25.50","26.00","24.00","276.60K","5.15%"
"Apr 11, 2017","27.75","26.00","28.00","24.50","2.13M","8.82%"
"Apr 12, 2017","26.50","26.50","27.00","26.50","3.40K","-4.50%"
"Apr 13, 2017","24.50","24.50","24.50","24.50","0.10K","-7.55%"
"Apr 18, 2017","24.00","24.50","26.50","24.00","7.30K","-2.04%"
"Apr 19, 2017","26.00","26.25","26.25","24.25","10.10K","8.33%"
"Apr 20, 2017","28.00","28.00","28.00","28.00","24.30K","7.69%"
"Apr 21, 2017","27.00","28.00","28.00","25.25","9.10K","-3.57%"
"Apr 25, 2017","26.75","26.00","27.75","24.75","30.90K","-0.93%"
"Apr 26, 2017","27.50","27.75","27.75","25.00","2.10K","2.80%"
"Apr 27, 2017","27.00","27.25","27.75","25.75","17.70K","-1.82%"
"Apr 28, 2017","27.00","25.75","28.00","25.75","1.60K","0.00%"
"May 02, 2017","27.25","27.50","27.75","25.75","43.20K","0.93%"
"May 03, 2017","26.75","27.75","27.75","26.00","8.00K","-1.83%"
"May 04, 2017","27.25","27.75","27.75","26.00","0.70K","1.87%"
"May 05, 2017","26.00","27.50","27.50","26.00","7.50K","-4.59%"
"May 08, 2017","26.75","26.50","27.50","26.00","2.80K","2.88%"
"May 09, 2017","26.00","26.00","26.75","26.00","8.10K","-2.80%"
"May 10, 2017","25.50","25.50","26.00","25.50","2.00K","-1.92%"
"May 11, 2017","25.50","26.75","26.75","25.50","8.30K","0.00%"
"May 12, 2017","27.25","26.00","27.50","25.25","51.80K","6.86%"
"May 15, 2017","25.75","26.00","26.00","25.25","35.90K","-5.50%"
"May 16, 2017","25.25","25.25","27.00","25.00","13.50K","-1.94%"
"May 17, 2017","25.25","25.00","27.50","25.00","10.50K","0.00%"
"May 18, 2017","25.00","25.00","25.00","25.00","2.20K","-0.99%"
"May 19, 2017","26.25","25.00","27.25","25.00","3.70K","5.00%"
"May 22, 2017","25.75","26.00","27.50","25.25","3.70K","-1.90%"
"May 23, 2017","26.75","27.00","27.50","25.25","32.70K","3.88%"
"May 24, 2017","27.75","27.75","27.75","27.75","0.10K","3.74%"
"May 25, 2017","27.50","27.00","27.75","27.00","12.60K","-0.90%"
"May 26, 2017","27.50","27.00","28.00","26.50","32.30K","0.00%"
"May 29, 2017","28.00","26.25","28.00","26.25","125.80K","1.82%"
"May 30, 2017","25.50","25.50","26.00","25.50","13.80K","-8.93%"
"May 31, 2017","25.50","25.50","25.50","25.50","16.00K","0.00%"
"Jun 02, 2017","27.25","27.00","27.50","25.50","78.00K","6.86%"
"Jun 05, 2017","27.25","27.25","27.75","25.50","11.00K","0.00%"
"Jun 06, 2017","25.75","26.00","27.00","25.50","0.80K","-5.50%"
"Jun 07, 2017","25.50","25.75","25.75","25.50","0.50K","-0.97%"
"Jun 08, 2017","26.25","26.50","26.50","25.75","0.70K","2.94%"
"Jun 09, 2017","26.00","26.00","26.50","26.00","2.40K","-0.95%"
"Jun 12, 2017","26.50","26.50","26.50","26.50","0.50K","1.92%"
"Jun 13, 2017","25.50","26.50","26.50","25.50","6.70K","-3.77%"
"Jun 14, 2017","26.00","26.00","26.50","25.75","3.40K","1.96%"
"Jun 15, 2017","26.00","27.00","27.00","25.75","4.90K","0.00%"
"Jun 16, 2017","25.75","26.00","26.50","25.75","1.60K","-0.96%"
"Jun 19, 2017","25.75","25.75","26.50","25.75","5.20K","0.00%"
"Jun 20, 2017","26.50","27.50","27.50","24.75","6.30K","2.91%"
"Jun 21, 2017","26.25","25.00","26.50","25.00","2.70K","-0.94%"
"Jun 22, 2017","26.50","27.25","27.25","26.50","2.20K","0.95%"
"Jun 23, 2017","27.50","27.50","27.50","27.50","0.90K","3.77%"
"Jun 27, 2017","26.50","26.50","27.50","26.50","3.30K","-3.64%"
"Jun 28, 2017","26.50","27.25","27.25","26.50","6.10K","0.00%"
"Jun 29, 2017","26.50","27.50","27.50","26.50","1.20K","0.00%"
"Jun 30, 2017","26.50","27.50","27.50","26.50","3.00K","0.00%"
"Jul 03, 2017","26.50","27.25","27.25","25.50","1.20K","0.00%"
"Jul 04, 2017","25.50","27.25","27.25","25.50","3.00K","-3.77%"
"Jul 05, 2017","25.25","26.00","26.00","25.00","28.50K","-0.98%"
"Jul 06, 2017","25.50","26.00","27.00","25.00","10.10K","0.99%"
"Jul 07, 2017","26.50","27.00","27.00","25.00","1.10K","3.92%"
"Jul 10, 2017","25.00","25.00","27.00","24.00","10.60K","-5.66%"
"Jul 11, 2017","24.75","25.00","25.00","24.25","8.70K","-1.00%"
"Jul 12, 2017","25.25","25.00","26.75","25.00","2.90K","2.02%"
"Jul 13, 2017","25.50","25.25","26.50","25.25","0.40K","0.99%"
"Jul 14, 2017","26.50","26.50","26.50","26.50","0.10K","3.92%"
"Jul 17, 2017","25.00","25.50","25.50","25.00","10.50K","-5.66%"
"Jul 18, 2017","26.25","26.50","26.50","25.50","0.40K","5.00%"
"Jul 19, 2017","25.50","26.50","26.50","25.50","1.70K","-2.86%"
"Jul 20, 2017","25.75","25.75","25.75","25.75","0.40K","0.98%"
"Jul 21, 2017","25.00","26.00","26.00","25.00","6.90K","-2.91%"
"Jul 24, 2017","25.50","25.00","25.75","25.00","18.80K","2.00%"
"Jul 25, 2017","26.00","26.00","26.75","25.00","107.00K","1.96%"
"Jul 26, 2017","25.25","25.25","25.25","25.25","11.90K","-2.88%"
"Jul 27, 2017","27.00","27.00","27.00","26.00","25.10K","6.93%"
"Jul 28, 2017","27.00","26.50","27.50","26.50","0.90K","0.00%"
"Jul 31, 2017","25.25","25.25","25.25","25.25","8.50K","-6.48%"
"Aug 01, 2017","24.50","25.00","27.00","24.50","20.80K","-2.97%"
"Aug 02, 2017","25.00","26.75","26.75","25.00","4.90K","2.04%"
"Aug 03, 2017","25.25","24.50","25.50","24.50","27.10K","1.00%"
"Aug 04, 2017","25.25","25.25","25.25","25.25","0.10K","0.00%"
"Aug 07, 2017","27.00","27.00","27.00","27.00","0.10K","6.93%"
"Aug 09, 2017","26.50","27.00","27.00","25.00","0.60K","-1.85%"
"Aug 10, 2017","27.00","27.00","27.00","27.00","0.10K","1.89%"
"Aug 11, 2017","26.00","26.50","26.50","24.50","1.60K","-3.70%"
"Aug 14, 2017","24.50","24.50","24.50","24.50","1.70K","-5.77%"
"Aug 15, 2017","25.75","25.00","26.50","25.00","5.60K","5.10%"
"Aug 16, 2017","25.50","26.50","26.50","25.00","17.50K","-0.97%"
"Aug 17, 2017","26.50","25.00","27.00","25.00","30.70K","3.92%"
"Aug 18, 2017","26.00","26.50","27.00","25.25","3.00K","-1.89%"
"Aug 21, 2017","26.75","27.00","27.00","25.75","10.60K","2.88%"
"Aug 22, 2017","25.75","25.75","26.00","25.75","0.90K","-3.74%"
"Aug 23, 2017","25.75","26.75","26.75","25.75","1.10K","0.00%"
"Aug 24, 2017","26.75","26.75","26.75","26.75","0.10K","3.88%"
"Aug 25, 2017","26.50","27.00","27.00","26.25","0.60K","-0.93%"
"Aug 28, 2017","27.00","27.00","27.00","27.00","0.10K","1.89%"
"Aug 29, 2017","26.50","27.00","27.00","26.25","0.50K","-1.85%"
"Aug 30, 2017","27.00","27.00","27.00","27.00","0.20K","1.89%"
"Aug 31, 2017","26.75","27.00","27.00","26.00","11.00K","-0.93%"
"Sep 01, 2017","25.00","26.75","26.75","24.50","6.60K","-6.54%"
"Sep 04, 2017","24.25","22.50","26.50","22.50","0.80K","-3.00%"
"Sep 05, 2017","23.25","23.25","24.00","23.25","1.50K","-4.12%"
"Sep 06, 2017","23.00","24.00","24.00","23.00","1.20K","-1.08%"
"Sep 07, 2017","23.00","23.00","23.25","23.00","5.20K","0.00%"
"Sep 08, 2017","25.25","25.25","25.25","25.25","0.10K","9.78%"
"Sep 11, 2017","26.50","26.75","26.75","26.50","0.20K","4.95%"
"Sep 12, 2017","26.50","26.00","26.75","26.00","5.30K","0.00%"
"Sep 13, 2017","26.50","26.50","26.75","25.25","15.90K","0.00%"
"Sep 14, 2017","26.25","26.50","26.50","26.00","0.50K","-0.94%"
"Sep 15, 2017","26.50","26.50","26.75","26.50","5.00K","0.95%"
"Sep 18, 2017","26.25","26.00","26.50","25.25","2.40K","-0.94%"
"Sep 19, 2017","26.50","26.00","26.75","26.00","12.40K","0.95%"
"Sep 20, 2017","25.75","26.00","26.50","25.00","3.10K","-2.83%"
"Sep 21, 2017","25.50","26.00","26.25","24.50","9.20K","-0.97%"
"Sep 22, 2017","26.25","26.25","26.50","26.25","0.60K","2.94%"
"Sep 25, 2017","25.50","25.50","26.50","25.50","4.60K","-2.86%"
"Sep 26, 2017","26.50","26.50","26.50","26.50","0.30K","3.92%"
"Sep 27, 2017","26.00","26.50","26.50","26.00","1.50K","-1.89%"
"Sep 28, 2017","25.25","26.00","26.00","24.25","0.60K","-2.88%"
"Sep 29, 2017","26.50","26.50","26.50","26.50","2.90K","4.95%"
"Oct 02, 2017","24.25","25.00","25.00","24.00","5.80K","-8.49%"
"Oct 03, 2017","26.25","26.25","26.25","26.25","1.10K","8.25%"
"Oct 04, 2017","24.00","24.25","26.25","24.00","3.20K","-8.57%"
"Oct 05, 2017","25.00","25.00","25.00","25.00","0.10K","4.17%"
"Oct 06, 2017","25.00","25.00","25.00","25.00","0.40K","0.00%"
"Oct 09, 2017","26.75","26.75","26.75","26.75","0.20K","7.00%"
"Oct 10, 2017","26.75","26.50","27.50","25.00","13.70K","0.00%"
"Oct 11, 2017","25.00","25.00","25.00","25.00","3.70K","-6.54%"
"Oct 12, 2017","26.50","26.50","26.50","26.50","0.10K","6.00%"
"Oct 13, 2017","26.25","26.25","26.50","26.25","16.90K","-0.94%"
"Oct 16, 2017","26.00","26.00","26.00","26.00","2.10K","-0.95%"
"Oct 17, 2017","25.50","25.50","25.50","25.50","0.40K","-1.92%"
"Oct 18, 2017","27.25","27.25","27.50","26.50","54.90K","6.86%"
"Oct 19, 2017","26.00","26.00","26.00","26.00","0.40K","-4.59%"
"Oct 23, 2017","25.00","25.00","25.00","25.00","1.20K","-3.85%"
"Oct 24, 2017","26.00","26.00","26.00","26.00","0.20K","4.00%"
"Oct 27, 2017","26.00","26.00","26.00","26.00","1.60K","0.00%"
"Oct 30, 2017","26.00","26.00","26.00","26.00","6.40K","0.00%"
"Oct 31, 2017","26.75","27.00","27.00","26.75","1.50K","2.88%"
"Nov 02, 2017","26.00","26.00","27.00","26.00","2.10K","-2.80%"
"Nov 03, 2017","26.75","26.75","27.00","26.00","133.10K","2.88%"
"Nov 06, 2017","26.75","26.75","26.75","26.75","4.40K","0.00%"
"Nov 07, 2017","27.75","28.50","28.50","26.75","1.50K","3.74%"
"Nov 08, 2017","26.00","27.00","27.50","26.00","1.02M","-6.31%"
"Nov 10, 2017","26.50","26.00","27.00","26.00","0.20K","1.92%"
"Nov 13, 2017","26.25","26.50","26.50","26.00","4.20K","-0.94%"
"Nov 14, 2017","26.00","26.25","27.00","26.00","100.60K","-0.95%"
"Nov 15, 2017","25.50","25.00","26.00","25.00","3.30K","-1.92%"
"Nov 16, 2017","25.50","25.50","25.50","25.50","1.30K","0.00%"
"Nov 17, 2017","25.00","25.50","26.50","24.00","5.50K","-1.96%"
"Nov 20, 2017","26.75","27.00","27.00","24.50","34.00K","7.00%"
"Nov 21, 2017","27.00","27.00","27.00","27.00","11.20K","0.93%"
"Nov 22, 2017","26.50","26.00","26.75","25.25","1.30K","-1.85%"
"Nov 27, 2017","26.00","26.25","26.25","25.25","3.10K","-1.89%"
"Nov 29, 2017","26.25","26.25","26.25","26.25","0.20K","0.96%"
"Nov 30, 2017","24.50","25.00","26.00","24.50","27.50K","-6.67%"
"Dec 01, 2017","26.25","26.25","26.25","26.25","2.40K","7.14%"
"Dec 04, 2017","25.75","25.00","26.25","25.00","0.30K","-1.90%"
"Dec 05, 2017","25.50","25.00","26.25","24.00","39.90K","-0.97%"
"Dec 06, 2017","25.75","25.00","26.00","24.50","152.00K","0.98%"
"Dec 07, 2017","26.25","26.50","26.50","25.25","5.20K","1.94%"
"Dec 08, 2017","25.75","25.00","26.25","25.00","6.40K","-1.90%"
"Dec 11, 2017","25.75","25.00","27.00","24.75","98.50K","0.00%"
"Dec 13, 2017","27.00","27.00","27.00","27.00","0.10K","4.85%"
"Dec 14, 2017","26.00","26.00","27.00","26.00","104.60K","-3.70%"
"Dec 15, 2017","27.00","27.00","27.00","27.00","2.80K","3.85%"
"Dec 18, 2017","28.00","28.00","28.00","28.00","2.40K","3.70%"
"Dec 19, 2017","28.50","28.50","30.00","28.00","2.90K","1.79%"
"Dec 20, 2017","28.25","28.50","31.00","26.00","5.10K","-0.88%"
"Dec 21, 2017","27.75","28.50","31.00","26.25","0.70K","-1.77%"
"Dec 22, 2017","29.25","30.00","30.00","29.00","1.60K","5.41%"
"Dec 28, 2017","31.25","30.00","32.00","30.00","0.70K","6.84%"
"Dec 29, 2017","29.50","29.50","30.00","29.50","2.60K","-5.60%"
"Jan 02, 2018","27.00","27.50","27.50","27.00","0.30K","-8.47%"
"Jan 03, 2018","25.00","25.00","26.75","25.00","1.30K","-7.41%"
"Jan 04, 2018","26.75","25.75","27.00","25.75","10.50K","7.00%"
"Jan 05, 2018","26.00","26.00","26.00","26.00","0.20K","-2.80%"
"Jan 08, 2018","27.00","27.75","27.75","27.00","1.60K","3.85%"
"Jan 09, 2018","28.00","28.00","29.50","27.00","18.00K","3.70%"
"Jan 10, 2018","27.75","28.00","28.00","27.25","11.50K","-0.89%"
"Jan 11, 2018","27.00","27.75","27.75","25.25","3.00K","-2.70%"
"Jan 12, 2018","25.25","25.25","26.00","25.00","2.80K","-6.48%"
"Jan 15, 2018","25.50","26.50","26.50","25.50","4.30K","0.99%"
"Jan 16, 2018","26.00","26.00","27.00","25.75","4.10K","1.96%"
"Jan 17, 2018","26.25","27.50","27.50","25.50","23.80K","0.96%"
"Jan 18, 2018","27.25","27.00","27.75","27.00","8.10K","3.81%"
"Jan 19, 2018","26.75","27.00","27.00","26.50","4.20K","-1.83%"
"Jan 22, 2018","25.00","26.50","26.50","25.00","27.10K","-6.54%"
"Jan 23, 2018","25.25","26.50","26.50","25.00","22.60K","1.00%"
"Jan 24, 2018","25.50","25.25","26.50","25.25","1.60K","0.99%"
"Jan 25, 2018","25.50","26.00","26.00","25.50","24.10K","0.00%"
"Jan 26, 2018","26.25","26.50","27.00","25.50","18.70K","2.94%"
"Jan 29, 2018","26.25","26.75","26.75","26.25","3.40K","0.00%"
"Jan 30, 2018","26.00","26.50","26.50","26.00","3.80K","-0.95%"
"Jan 31, 2018","26.00","26.00","26.00","26.00","48.00K","0.00%"
"Feb 01, 2018","26.25","26.50","26.50","25.25","5.30K","0.96%"
"Feb 02, 2018","26.50","26.00","26.75","25.75","2.20K","0.95%"
"Feb 05, 2018","26.00","26.00","26.75","26.00","4.70K","-1.89%"
"Feb 06, 2018","26.00","26.00","26.50","26.00","15.10K","0.00%"
"Feb 07, 2018","25.00","26.00","26.50","25.00","13.40K","-3.85%"
"Feb 08, 2018","26.50","26.50","26.50","26.50","0.30K","6.00%"
"Feb 09, 2018","26.25","26.25","27.00","26.00","1.40K","-0.94%"
"Feb 12, 2018","26.25","26.25","26.25","26.25","2.10K","0.00%"
"Feb 13, 2018","26.75","26.25","27.00","26.25","2.60K","1.90%"
"Feb 14, 2018","24.50","26.25","26.25","24.50","15.70K","-8.41%"
"Feb 15, 2018","25.00","25.50","26.50","24.50","4.80K","2.04%"
"Feb 16, 2018","26.25","25.00","26.50","25.00","6.40K","5.00%"
"Feb 19, 2018","26.50","25.00","27.00","25.00","4.70K","0.95%"
"Feb 20, 2018","26.50","27.00","27.00","25.50","2.10K","0.00%"
"Feb 21, 2018","25.50","25.50","25.50","25.50","1.10K","-3.77%"
"Feb 22, 2018","25.75","25.50","26.00","25.50","3.50K","0.98%"
"Feb 23, 2018","26.25","25.50","27.25","25.50","5.60K","1.94%"
"Feb 26, 2018","26.25","27.00","27.00","25.00","1.90K","0.00%"
"Feb 27, 2018","26.25","26.00","26.50","26.00","14.80K","0.00%"
"Feb 28, 2018","26.75","27.00","27.00","26.00","22.90K","1.90%"
"Mar 01, 2018","27.00","27.00","27.00","27.00","10.30K","0.93%"
"Mar 02, 2018","27.00","27.00","27.25","26.50","2.60K","0.00%"
"Mar 05, 2018","25.00","25.25","27.00","25.00","61.10K","-7.41%"
"Mar 06, 2018","26.00","26.25","26.25","25.50","0.90K","4.00%"
"Mar 07, 2018","26.00","26.00","26.25","26.00","5.00K","0.00%"
"Mar 08, 2018","25.50","26.25","26.25","25.50","20.20K","-1.92%"
"Mar 09, 2018","25.00","25.00","25.75","24.50","9.40K","-1.96%"
"Mar 12, 2018","24.50","25.00","25.50","24.50","5.60K","-2.00%"
"Mar 13, 2018","25.00","25.00","25.50","25.00","8.20K","2.04%"
"Mar 14, 2018","24.50","25.00","25.00","24.50","3.40K","-2.00%"
"Mar 15, 2018","25.00","25.00","25.50","25.00","2.20K","2.04%"
"Mar 16, 2018","25.25","25.25","25.25","25.25","20.00K","1.00%"
"Mar 19, 2018","25.50","25.50","25.50","25.50","1.00K","0.99%"
"Mar 20, 2018","26.00","26.00","26.00","26.00","5.30K","1.96%"
"Mar 21, 2018","25.00","26.00","26.00","25.00","20.30K","-3.85%"
"Mar 22, 2018","25.00","25.00","25.25","25.00","2.20K","0.00%"
"Mar 23, 2018","25.00","25.25","25.25","25.00","3.60K","0.00%"
"Mar 26, 2018","25.50","26.00","26.00","24.75","5.70K","2.00%"
"Mar 27, 2018","25.00","25.00","25.25","25.00","15.90K","-1.96%"
"Mar 28, 2018","25.00","25.25","25.25","25.00","53.40K","0.00%"
"Mar 29, 2018","25.00","25.00","26.00","25.00","492.70K","0.00%"
"Apr 03, 2018","24.50","25.00","25.00","24.50","0.40K","-2.00%"
"Apr 04, 2018","24.75","24.50","25.00","24.50","8.30K","1.02%"
"Apr 05, 2018","24.75","25.00","25.00","24.75","4.30K","0.00%"
"Apr 06, 2018","25.00","25.00","25.00","25.00","1.50K","1.01%"
"Apr 09, 2018","25.50","25.50","25.50","25.50","0.20K","2.00%"
"Apr 10, 2018","25.25","26.00","26.00","25.25","40.40K","-0.98%"
"Apr 11, 2018","25.50","25.50","26.00","25.25","2.50K","0.99%"
"Apr 13, 2018","25.25","25.25","25.25","25.25","0.20K","-0.98%"
"Apr 16, 2018","25.25","25.25","26.00","25.25","1.10K","0.00%"
"Apr 17, 2018","25.00","25.00","25.50","25.00","14.10K","-0.99%"
"Apr 18, 2018","25.00","25.00","25.00","25.00","9.00K","0.00%"
"Apr 19, 2018","24.75","24.75","25.00","24.75","1.50K","-1.00%"
"Apr 20, 2018","24.50","24.75","24.75","24.50","0.60K","-1.01%"
"Apr 23, 2018","25.00","25.00","25.00","25.00","0.30K","2.04%"
"Apr 24, 2018","24.50","24.50","24.50","24.50","0.10K","-2.00%"
"Apr 25, 2018","24.50","25.00","25.00","24.25","2.00K","0.00%"
"Apr 26, 2018","25.00","25.00","25.00","25.00","0.10K","2.04%"
"Apr 27, 2018","25.00","25.00","25.00","25.00","1.10K","0.00%"
"Apr 30, 2018","25.00","25.00","25.00","25.00","0.50K","0.00%"
"May 02, 2018","25.00","25.00","25.00","25.00","2.60K","0.00%"
"May 04, 2018","24.50","24.50","25.00","24.50","1.70K","-2.00%"
"May 07, 2018","24.50","25.00","25.25","24.50","2.30K","0.00%"
"May 08, 2018","25.00","25.25","25.25","25.00","1.40K","2.04%"
"May 09, 2018","24.75","25.00","25.00","24.75","2.60K","-1.00%"
"May 10, 2018","25.00","24.75","25.25","24.75","0.60K","1.01%"
"May 11, 2018","25.00","25.00","25.00","25.00","0.90K","0.00%"
"May 14, 2018","24.75","25.00","25.00","24.50","2.20K","-1.00%"
"May 15, 2018","24.00","24.00","24.25","24.00","5.00K","-3.03%"
"May 16, 2018","24.00","24.00","24.00","24.00","0.10K","0.00%"
"May 17, 2018","24.00","24.75","24.75","24.00","16.00K","0.00%"
"May 18, 2018","24.75","24.75","24.75","24.75","0.10K","3.13%"
"May 21, 2018","22.50","24.00","24.00","22.50","2.10K","-9.09%"
"May 22, 2018","22.50","23.00","23.00","22.50","58.30K","0.00%"
"May 23, 2018","23.50","24.00","24.00","22.50","0.30K","4.44%"
"May 24, 2018","24.00","24.00","25.25","24.00","2.20K","2.13%"
"May 25, 2018","23.50","24.00","24.00","23.25","0.60K","-2.08%"
"May 28, 2018","23.75","24.00","24.00","23.00","0.40K","1.06%"
"May 29, 2018","22.75","22.75","23.00","22.75","41.40K","-4.21%"
"May 30, 2018","22.25","23.75","23.75","22.00","2.10K","-2.20%"
"May 31, 2018","23.25","22.75","24.00","22.75","3.30K","4.49%"
"Jun 04, 2018","24.00","24.00","24.00","24.00","0.70K","3.23%"
"Jun 05, 2018","23.00","23.00","23.00","23.00","11.00K","-4.17%"
"Jun 06, 2018","23.50","24.00","24.00","23.00","0.30K","2.17%"
"Jun 08, 2018","23.00","24.00","24.00","23.00","3.20K","-2.13%"
"Jun 11, 2018","23.00","24.00","24.00","23.00","4.20K","0.00%"
"Jun 12, 2018","22.50","23.00","23.00","22.50","100.90K","-2.17%"
"Jun 13, 2018","22.25","22.25","23.00","22.00","18.20K","-1.11%"
"Jun 14, 2018","23.25","23.50","24.00","22.00","11.70K","4.49%"
"Jun 18, 2018","23.25","23.25","23.25","23.25","2.10K","0.00%"
"Jun 19, 2018","23.00","23.50","24.00","22.25","2.90K","-1.08%"
"Jun 20, 2018","22.50","23.00","23.00","22.00","1.60K","-2.17%"
"Jun 21, 2018","22.75","23.50","23.50","22.00","31.50K","1.11%"
"Jun 22, 2018","22.00","21.00","22.75","21.00","5.40K","-3.30%"
"Jun 25, 2018","21.25","22.00","23.00","21.00","69.80K","-3.41%"
"Jun 26, 2018","22.00","23.00","23.00","22.00","10.70K","3.53%"
"Jun 27, 2018","21.25","21.25","22.00","21.25","50.70K","-3.41%"
"Jun 28, 2018","22.00","22.00","22.00","22.00","17.80K","3.53%"
"Jun 29, 2018","21.25","22.00","22.00","21.00","1.40K","-3.41%"
"Jul 02, 2018","21.50","21.75","21.75","21.00","0.30K","1.18%"
"Jul 03, 2018","21.25","21.00","22.00","21.00","0.40K","-1.16%"
"Jul 04, 2018","22.00","22.00","22.00","22.00","0.10K","3.53%"
"Jul 05, 2018","21.50","21.50","21.50","21.50","10.00K","-2.27%"
"Jul 06, 2018","21.00","21.50","22.00","21.00","11.30K","-2.33%"
"Jul 09, 2018","21.00","21.00","21.00","21.00","0.40K","0.00%"
"Jul 10, 2018","21.00","21.00","22.00","20.00","5.30K","0.00%"
"Jul 11, 2018","21.00","21.00","21.00","21.00","0.70K","0.00%"
"Jul 12, 2018","21.25","21.25","21.50","21.00","2.00K","1.19%"
"Jul 13, 2018","21.00","21.00","21.00","21.00","1.10K","-1.18%"
"Jul 16, 2018","21.00","21.00","21.50","21.00","8.30K","0.00%"
"Jul 17, 2018","20.50","21.50","21.50","19.00","12.90K","-2.38%"
"Jul 18, 2018","20.75","20.50","21.00","20.50","13.70K","1.22%"
"Jul 19, 2018","20.75","21.00","21.00","19.00","8.40K","0.00%"
"Jul 20, 2018","20.50","20.50","20.50","20.50","0.10K","-1.20%"
"Jul 23, 2018","20.00","20.00","20.00","20.00","0.30K","-2.44%"
"Jul 24, 2018","20.00","20.50","20.75","20.50","42.70K","0.00%"
"Jul 25, 2018","20.25","20.75","20.75","20.25","2.10K","1.25%"
"Jul 26, 2018","20.25","20.50","20.50","20.25","8.50K","0.00%"
"Jul 27, 2018","20.25","20.25","20.25","20.25","1.10K","0.00%"
"Jul 30, 2018","20.00","20.25","20.75","20.00","6.50K","-1.23%"
"Jul 31, 2018","19.25","20.00","20.00","18.25","2.80K","-3.75%"
"Aug 01, 2018","20.25","20.75","20.75","19.50","5.80K","5.19%"
"Aug 03, 2018","21.00","21.00","21.00","21.00","3.92M","3.70%"
"Aug 06, 2018","23.00","23.00","23.00","23.00","1.80K","9.52%"
"Aug 07, 2018","21.50","21.00","23.00","21.00","2.90K","-6.52%"
"Aug 08, 2018","21.00","21.00","21.75","21.00","186.50K","-2.33%"
"Aug 09, 2018","21.75","23.00","23.00","21.50","0.40K","3.57%"
"Aug 10, 2018","21.25","22.00","22.00","21.00","4.30K","-2.30%"
"Aug 14, 2018","22.00","22.00","22.00","22.00","0.60K","3.53%"
"Aug 15, 2018","21.75","22.00","22.00","21.50","2.50K","-1.14%"
"Aug 16, 2018","22.00","22.00","22.00","22.00","0.60K","1.15%"
"Aug 17, 2018","21.75","21.75","22.00","21.75","0.90K","-1.14%"
"Aug 20, 2018","20.75","21.00","21.00","20.00","33.70K","-4.60%"
"Aug 22, 2018","21.75","21.75","21.75","21.75","0.30K","4.82%"
"Aug 23, 2018","21.50","22.00","22.00","21.50","2.20K","-1.15%"
"Aug 24, 2018","21.25","21.00","21.50","21.00","0.60K","-1.16%"
"Aug 27, 2018","21.00","21.00","21.50","21.00","1.70K","-1.18%"
"Aug 29, 2018","21.00","21.00","21.00","21.00","2.30K","0.00%"
"Aug 30, 2018","20.50","20.00","21.00","20.00","2.70K","-2.38%"
"Aug 31, 2018","21.00","20.75","21.25","20.75","32.70K","2.44%"
"Sep 04, 2018","20.75","21.50","21.50","20.75","7.30K","-1.19%"
"Sep 05, 2018","21.25","21.50","21.50","21.00","1.70K","2.41%"
"Sep 06, 2018","21.25","21.50","21.50","21.00","2.80K","0.00%"
"Sep 10, 2018","20.75","21.00","21.00","20.75","25.30K","-2.35%"
"Sep 11, 2018","21.00","21.50","21.50","21.00","147.40K","1.20%"
"Sep 12, 2018","21.00","21.00","21.00","21.00","1.90K","0.00%"
"Sep 13, 2018","20.75","21.00","21.00","20.75","5.50K","-1.19%"
"Sep 14, 2018","20.75","21.50","21.50","20.00","0.40K","0.00%"
"Sep 17, 2018","20.00","20.00","21.00","20.00","1.30K","-3.61%"
"Sep 18, 2018","21.50","21.50","21.50","21.50","0.10K","7.50%"
"Sep 19, 2018","21.00","21.00","21.00","21.00","0.50K","-2.33%"
"Sep 20, 2018","21.00","21.00","21.00","21.00","0.10K","0.00%"
"Sep 21, 2018","20.00","20.00","20.00","20.00","0.90K","-4.76%"
"Sep 24, 2018","20.00","20.00","20.00","20.00","1.30K","0.00%"
"Sep 25, 2018","19.75","20.00","20.00","19.00","4.60K","-1.25%"
"Sep 26, 2018","20.00","20.00","20.00","20.00","0.40K","1.27%"
"Sep 27, 2018","20.00","20.00","20.00","20.00","21.50K","0.00%"
"Sep 28, 2018","20.00","20.00","20.00","20.00","114.40K","0.00%"
"Oct 01, 2018","20.75","20.50","21.00","20.50","2.40K","3.75%"
"Oct 02, 2018","21.00","21.00","21.00","21.00","2.00K","1.20%"
"Oct 03, 2018","22.00","22.00","22.00","22.00","0.60K","4.76%"
"Oct 04, 2018","22.25","22.25","22.25","22.25","0.40K","1.14%"
"Oct 05, 2018","21.00","22.00","22.00","21.00","2.30K","-5.62%"
"Oct 08, 2018","20.25","21.00","21.00","20.25","1.40K","-3.57%"
"Oct 09, 2018","20.50","21.00","21.00","20.50","11.80K","1.23%"
"Oct 12, 2018","19.65","20.00","20.50","19.00","2.70K","-4.15%"
"Oct 15, 2018","19.75","19.50","20.00","19.50","0.20K","0.51%"
"Oct 16, 2018","19.80","20.00","20.00","19.75","1.40K","0.25%"
"Oct 17, 2018","19.70","19.75","19.75","19.50","1.10K","-0.51%"
"Oct 18, 2018","19.85","19.75","20.25","19.75","0.80K","0.76%"
"Oct 19, 2018","19.75","20.25","20.25","19.50","4.30K","-0.50%"
"Oct 22, 2018","19.60","19.75","19.75","19.50","0.40K","-0.76%"
"Oct 23, 2018","19.60","19.50","19.75","19.50","2.60K","0.00%"
"Oct 24, 2018","19.40","20.00","20.00","19.25","2.70K","-1.02%"
"Oct 25, 2018","19.55","19.50","20.00","19.50","1.10K","0.77%"
"Oct 26, 2018","20.00","20.00","20.00","20.00","1.20K","2.30%"
"Oct 29, 2018","20.00","20.00","20.00","20.00","3.00K","0.00%"
"Oct 30, 2018","19.35","20.00","20.00","18.50","1.70K","-3.25%"
"Oct 31, 2018","19.00","19.00","19.00","19.00","10.00K","-1.81%"
"Nov 01, 2018","19.50","19.00","20.00","19.00","0.20K","2.63%"
"Nov 02, 2018","19.30","19.00","20.00","19.00","1.50K","-1.03%"
"Nov 05, 2018","19.45","20.00","20.00","19.30","8.20K","0.78%"
"Nov 06, 2018","19.05","20.00","20.00","19.00","6.60K","-2.06%"
"Nov 07, 2018","20.00","20.50","20.50","20.00","2.00K","4.99%"
"Nov 08, 2018","20.00","20.25","20.25","20.00","2.30K","0.00%"
"Nov 12, 2018","22.00","22.00","22.00","22.00","2.10K","10.00%"
"Nov 13, 2018","22.00","22.00","22.00","22.00","0.40K","0.00%"
"Nov 14, 2018","21.00","21.00","21.00","21.00","0.50K","-4.55%"
"Nov 15, 2018","21.00","21.00","22.00","21.00","4.90K","0.00%"
"Nov 16, 2018","21.00","21.00","21.00","21.00","1.20K","0.00%"
"Nov 20, 2018","21.75","22.00","22.00","21.00","9.20K","3.57%"
"Nov 21, 2018","21.25","21.00","22.00","21.00","2.10K","-2.30%"
"Nov 22, 2018","21.00","21.00","21.00","21.00","2.90K","-1.18%"
"Nov 23, 2018","20.25","21.00","21.00","20.00","0.70K","-3.57%"
"Nov 26, 2018","20.25","20.00","20.50","20.00","1.00K","0.00%"
"Nov 27, 2018","20.10","20.00","20.25","20.00","5.60K","-0.74%"
"Nov 29, 2018","21.00","21.00","21.00","21.00","2.00K","4.48%"
"Nov 30, 2018","19.00","19.00","19.00","19.00","0.70K","-9.52%"
"Dec 03, 2018","19.00","19.00","20.00","19.00","7.90K","0.00%"
"Dec 04, 2018","19.00","19.00","19.00","19.00","3.00K","0.00%"
"Dec 05, 2018","19.85","20.00","20.00","19.00","0.70K","4.47%"
"Dec 06, 2018","19.10","19.00","19.50","19.00","0.70K","-3.78%"
"Dec 07, 2018","19.20","19.00","19.25","19.00","11.40K","0.52%"
"Dec 10, 2018","19.95","21.00","21.00","19.10","180.80K","3.91%"
"Dec 11, 2018","19.90","19.50","21.00","19.50","1.10K","-0.25%"
"Dec 13, 2018","19.90","19.90","19.90","19.90","1.00K","0.00%"
"Dec 14, 2018","19.50","19.50","19.50","19.50","2.10K","-2.01%"
"Dec 18, 2018","19.90","19.90","19.90","19.90","0.10K","2.05%"
"Dec 19, 2018","19.70","19.50","19.90","19.50","1.20K","-1.01%"
"Dec 20, 2018","19.85","19.50","19.90","19.50","10.70K","0.76%"
"Dec 21, 2018","19.90","19.90","19.90","19.90","0.10K","0.25%"
"Dec 24, 2018","19.85","19.80","19.90","19.80","0.40K","-0.25%"
"Dec 27, 2018","19.10","20.00","20.00","18.00","1.30K","-3.78%"
"Dec 28, 2018","19.85","20.00","20.00","19.80","0.30K","3.93%"
"Dec 31, 2018","19.90","19.90","19.90","19.90","1.80K","0.25%"
"Jan 02, 2019","19.80","19.90","21.00","19.00","1.00K","-0.50%"
"Jan 03, 2019","20.75","21.00","21.00","20.00","0.80K","4.80%"
"Jan 04, 2019","20.00","19.85","20.75","19.00","1.20K","-3.61%"
"Jan 07, 2019","20.30","20.75","20.75","20.00","3.50K","1.50%"
"Jan 09, 2019","19.15","20.30","20.30","19.00","3.60K","-5.67%"
"Jan 10, 2019","19.05","19.05","19.05","19.05","0.10K","-0.52%"
"Jan 14, 2019","19.80","19.80","20.00","19.50","0.90K","3.94%"
"Jan 15, 2019","19.65","20.00","20.00","19.15","0.40K","-0.76%"
"Jan 16, 2019","19.00","19.80","19.80","19.00","503.20K","-3.31%"
"Jan 17, 2019","19.50","19.50","19.50","19.45","13.40K","2.63%"
"Jan 18, 2019","19.50","19.50","19.65","19.50","4.50K","0.00%"
"Jan 21, 2019","19.10","19.50","19.50","19.05","1.00K","-2.05%"
"Jan 22, 2019","19.10","19.60","19.60","19.00","0.50K","0.00%"
"Jan 23, 2019","19.45","19.60","19.60","19.00","3.30K","1.83%"
"Jan 24, 2019","19.65","19.65","20.00","19.65","4.10K","1.03%"
"Jan 25, 2019","19.30","19.75","20.00","17.75","2.30K","-1.78%"
"Jan 28, 2019","19.15","19.50","19.50","19.00","2.50K","-0.78%"
"Jan 29, 2019","19.20","20.00","20.00","19.00","2.30K","0.26%"
"Jan 30, 2019","19.25","20.00","20.00","19.00","2.20K","0.26%"
"Jan 31, 2019","19.25","19.00","19.65","19.00","1.40K","0.00%"
"Feb 01, 2019","20.00","20.00","20.00","20.00","0.70K","3.90%"
"Feb 04, 2019","19.10","19.65","19.65","19.00","0.50K","-4.50%"
"Feb 05, 2019","20.00","20.00","21.00","20.00","5.50K","4.71%"
"Feb 06, 2019","20.95","20.00","21.00","20.00","6.70K","4.75%"
"Feb 07, 2019","20.95","20.95","20.95","20.95","0.40K","0.00%"
"Feb 08, 2019","19.05","21.00","21.00","19.00","9.90K","-9.07%"
"Feb 11, 2019","20.65","20.95","20.95","19.05","3.60K","8.40%"
"Feb 12, 2019","20.55","20.95","20.95","20.50","0.50K","-0.48%"
"Feb 13, 2019","20.50","20.50","20.50","20.50","0.20K","-0.24%"
"Feb 14, 2019","20.10","20.50","20.65","19.00","16.30K","-1.95%"
"Feb 15, 2019","20.65","20.65","21.95","20.50","2.90K","2.74%"
"Feb 18, 2019","20.55","19.75","20.90","19.75","0.40K","-0.48%"
"Feb 19, 2019","19.00","19.00","19.00","19.00","93.50K","-7.54%"
"Feb 20, 2019","19.00","20.80","20.80","19.00","25.20K","0.00%"
"Feb 21, 2019","19.00","20.00","20.00","19.00","58.10K","0.00%"
"Feb 22, 2019","19.05","20.50","20.50","18.00","44.60K","0.26%"
"Feb 25, 2019","18.20","19.00","19.00","18.00","1.40K","-4.46%"
"Feb 26, 2019","19.25","18.50","20.00","18.50","0.20K","5.77%"
"Feb 27, 2019","17.90","19.00","19.00","17.50","0.80K","-7.01%"
"Feb 28, 2019","18.85","19.00","19.00","17.60","2.70K","5.31%"
"Mar 01, 2019","17.55","17.95","17.95","17.20","0.30K","-6.90%"
"Mar 04, 2019","17.40","17.00","17.50","17.00","0.80K","-0.85%"
"Mar 05, 2019","17.50","17.55","17.55","17.40","153.80K","0.57%"
"Mar 06, 2019","17.40","17.40","17.40","17.40","3.30K","-0.57%"
"Mar 07, 2019","17.05","17.50","17.50","17.00","8.60K","-2.01%"
"Mar 08, 2019","17.00","17.00","17.05","17.00","2.00K","-0.29%"
"Mar 11, 2019","17.15","17.25","18.50","16.15","15.60K","0.88%"
"Mar 13, 2019","18.50","18.50","18.50","18.50","0.10K","7.87%"
"Mar 14, 2019","18.05","18.45","18.45","17.50","0.50K","-2.43%"
"Mar 15, 2019","18.40","17.75","18.45","17.75","2.50K","1.94%"
"Mar 18, 2019","18.00","18.00","18.00","18.00","0.10K","-2.17%"
"Mar 19, 2019","18.00","18.10","18.10","18.00","1.20K","0.00%"
"Mar 20, 2019","16.45","16.50","18.00","16.20","5.50K","-8.61%"
"Mar 21, 2019","17.40","17.00","18.00","16.30","6.50K","5.78%"
"Mar 22, 2019","17.40","17.90","17.90","16.50","25.70K","0.00%"
"Mar 25, 2019","16.20","16.50","16.50","15.80","3.60K","-6.90%"
"Mar 26, 2019","15.05","15.80","15.80","15.00","25.90K","-7.10%"
"Mar 27, 2019","15.80","16.00","16.00","15.05","1.90K","4.98%"
"Mar 28, 2019","16.00","16.00","16.00","16.00","0.10K","1.27%"
"Apr 02, 2019","16.90","17.60","17.60","16.70","0.60K","5.62%"
"Apr 03, 2019","16.20","17.00","17.00","15.70","4.40K","-4.14%"
"Apr 04, 2019","15.30","15.70","15.70","15.25","3.50K","-5.56%"
"Apr 05, 2019","15.45","15.30","15.50","15.30","2.50K","0.98%"
"Apr 08, 2019","15.15","15.45","15.45","15.00","2.10K","-1.94%"
"Apr 09, 2019","15.00","14.50","15.45","14.50","0.90K","-0.99%"
"Apr 10, 2019","15.45","15.45","15.45","15.45","0.20K","3.00%"
"Apr 11, 2019","15.10","15.30","15.30","15.05","13.50K","-2.27%"
"Apr 12, 2019","15.20","15.20","15.50","15.00","86.90K","0.66%"
"Apr 15, 2019","15.05","15.20","15.20","15.05","1.80K","-0.99%"
"Apr 16, 2019","15.15","15.20","15.20","15.05","9.70K","0.66%"
"Apr 17, 2019","15.05","15.05","15.10","15.05","6.90K","-0.66%"
"Apr 18, 2019","15.20","15.20","15.30","15.20","17.30K","1.00%"
"Apr 23, 2019","15.15","15.15","15.20","15.15","1.30K","-0.33%"
"Apr 24, 2019","15.20","15.20","15.20","15.20","0.30K","0.33%"
"Apr 25, 2019","15.50","15.50","15.50","15.50","23.70K","1.97%"
"Apr 26, 2019","15.75","15.60","16.00","15.20","1.20K","1.61%"
"Apr 29, 2019","15.60","15.75","15.75","15.50","2.20K","-0.95%"
"Apr 30, 2019","15.50","15.50","15.50","15.50","0.10K","-0.64%"
"May 02, 2019","16.00","16.00","16.00","16.00","0.10K","3.23%"
"May 06, 2019","16.10","16.00","17.00","16.00","1.50K","0.63%"
"May 07, 2019","15.50","15.50","15.50","15.50","2.10K","-3.73%"
"May 08, 2019","15.00","15.15","15.15","15.00","2.80K","-3.23%"
"May 09, 2019","15.00","15.00","15.00","15.00","1.00K","0.00%"
"May 10, 2019","15.60","16.00","16.00","15.50","3.90K","4.00%"
"May 13, 2019","15.65","16.50","16.50","15.00","0.90K","0.32%"
"May 14, 2019","15.35","15.50","15.50","15.00","9.90K","-1.92%"
"May 15, 2019","14.95","15.50","15.50","14.85","1.20K","-2.61%"
"May 16, 2019","14.60","15.00","15.00","14.50","3.80K","-2.34%"
"May 17, 2019","15.00","15.00","15.00","15.00","1.20K","2.74%"
"May 21, 2019","14.50","14.50","14.50","14.50","0.10K","-3.33%"
"May 22, 2019","14.20","15.00","15.00","14.00","1.40K","-2.07%"
"May 23, 2019","14.15","14.00","14.20","14.00","2.20K","-0.35%"
"May 24, 2019","14.35","14.25","14.95","14.10","1.80K","1.41%"
"May 27, 2019","14.25","14.25","14.25","14.25","0.20K","-0.70%"
"May 28, 2019","14.35","14.35","14.35","14.35","0.20K","0.70%"
"May 29, 2019","14.55","15.00","15.00","14.50","13.10K","1.39%"
"May 30, 2019","14.25","14.35","14.35","14.15","0.50K","-2.06%"
"May 31, 2019","14.25","14.20","15.00","14.10","2.50K","0.00%"
"Jun 03, 2019","15.00","15.00","15.00","15.00","1.80K","5.26%"
"Jun 04, 2019","15.00","15.00","15.00","15.00","0.10K","0.00%"
"Jun 06, 2019","14.55","15.00","15.00","14.50","1.20K","-3.00%"
"Jun 07, 2019","14.95","14.95","15.00","14.95","25.90K","2.75%"
"Jun 10, 2019","15.25","15.05","16.00","15.00","0.80K","2.01%"
"Jun 11, 2019","16.65","16.25","16.70","16.25","2.10K","9.18%"
"Jun 12, 2019","16.55","15.25","16.65","15.25","23.40K","-0.60%"
"Jun 13, 2019","17.00","17.00","17.45","16.65","2.80K","2.72%"
"Jun 14, 2019","17.70","17.00","17.80","17.00","3.40K","4.12%"